      4003.200      2997.900
      3602.880      2498.250
      3953.160      2848.000
      4153.310      2947.930
      4353.480      2748.070
      4653.720      2448.280
      4703.750      2598.180
      5304.240      2698.110
      5154.110      3047.860
      4453.550      3547.510
      4553.640      3747.370
      4853.880      3947.230
      5204.160      4097.130
      5304.240      3997.200
      5454.350      3647.440
      5454.350      3847.300
      5404.310      4097.130
      5454.350      4047.160
      5454.350      4147.090
      5354.270      4147.090
      5304.240      4496.850
      5304.240      4596.770
      5354.270      4746.670
      5154.110      4946.530
      5054.030      4846.600
      5054.030      4646.740
      4853.880      4446.880
      4853.880      4346.950
      4853.880      4247.020
      4703.750      3997.200
      4553.640      4047.160
      4653.720      4346.950
      4853.880      4846.600
      4753.790      4946.530
      4903.920      5096.420
      4853.880      5046.460
      4553.640      5446.180
      4853.880      5646.040
      4953.960      5845.900
      5054.030      5546.110
      5054.030      5346.250
      5154.110      5546.110
      5304.240      5795.940
      5404.310      5696.010
      5454.350      5646.040
      5554.440      5546.110
      5554.440      5146.390
      5604.480      5296.290
      5754.590      5646.040
      5604.480      5795.940
      5454.350      5945.830
      5354.270      6045.760
      5254.200      6145.690
      4953.960      6145.690
      4603.680      6295.590
      4553.640      6045.760
      4503.590      5895.870
      4453.550      6145.690
      4453.550      6245.620
      4403.510      6695.310
      4253.400      6545.410
      4303.440      6795.240
      4303.440      6895.160
      4103.270      6995.090
      4253.400      7144.990
      4403.510      7194.960
      5054.030      7144.990
      5354.270      7045.060
      5104.070      6895.160
      5004.000      6795.240
      5204.160      6495.440
      5354.270      6645.340
      5504.400      6395.510
      5704.550      6595.380
      5804.640      6395.510
      5854.680      6345.550
      6154.920      6045.760
      6605.270      5696.010
      6655.310      5646.040
      6655.310      5745.970
      6505.200      5995.790
      6355.070      5646.040
      5904.720      5296.290
      5604.480      4796.640
      5754.590      4946.530
      5904.720      4896.570
      5954.760      4846.600
      6004.790      4996.500
      6355.070      5146.390
      6505.200      4996.500
      6405.110      4896.570
      6255.000      4946.530
      6655.310      4546.810
      6555.240      4546.810
      6555.240      3947.230
      6455.160      3947.230
      6455.160      4047.160
      6305.030      4296.980
      6255.000      4546.810
      5754.590      4646.740
      5804.640      4296.980
      6004.790      4296.980
      5854.680      4047.160
      5854.680      3947.230
      5754.590      3647.440
      5804.640      3697.400
      5854.680      3747.370
      6154.920      3947.230
      6605.270      3497.550
      6655.310      3547.510
      6555.240      3547.510
      6605.270      3297.680
      6555.240      3347.650
      6605.270      3097.830
      6455.160      3347.650
      6305.030      3297.680
      6305.030      3497.550
      6154.920      3347.650
      6154.920      3447.580
      6255.000      3147.790
      6104.880      3197.750
      5454.350      3247.720
      5554.440      3347.650
      5754.590      3047.860
      5654.510      2848.000
      5654.510      2748.070
      5604.480      2598.180
      5854.680      2947.930
      5854.680      3047.860
      5954.760      2848.000
      6054.830      2848.000
      6455.160      2748.070
      6154.920      2448.280
      6104.880      2598.180
      6054.830      2548.210
      6004.790      2398.310
      5654.510      2348.350
      6355.070      1648.840
      6405.110      1598.880
      6455.160      1648.840
      6805.440      1598.880
      6905.510      1498.940
      6955.550      1548.910
      6905.510      1598.880
      7005.590      1698.810
      7105.680      1698.810
      7055.640      1548.910
      7005.590      1498.940
      7105.680      1399.010
      7205.760      1399.010
      7255.790      1448.980
      7355.880      1448.980
      7355.880      1648.840
      7455.960      1648.840
      7806.240      1598.880
      7906.310      1598.880
      7906.310      1498.940
      7956.350      1548.910
      8006.400      1498.940
      8056.440      1548.910
      8106.480      1399.010
      8206.550      1399.010
      8256.590      1448.980
      8356.680      1448.980
      8006.400      1698.810
      8106.480      1698.810
      8356.680      1648.840
      8456.760      1648.840
      8807.030      1598.880
      8907.110      1498.940
      8957.160      1548.910
      8907.110      1598.880
      9007.200      1698.810
      9107.270      1698.810
      9057.240      1548.910
      9007.200      1498.940
      9107.270      1399.010
      9207.350      1399.010
      9257.400      1448.980
      9357.480      1448.980
      9357.480      1648.840
      9457.550      1648.840
      9807.830      1598.880
      9907.920      1598.880
      9907.920      1498.940
      9957.960      1548.910
     10008.000      1498.940
     10058.000      1548.910
     10008.000      1698.810
     10108.100      1698.810
     10358.300      1648.840
     10408.300      1598.880
     10458.300      1648.840
     10858.700      2348.350
     10808.600      2598.180
     11259.000      2848.000
     11158.900      2848.000
     10958.800      2848.000
     10658.500      2748.070
     10658.500      3047.860
     10408.300      2997.900
     10408.300      2897.960
     10358.300      2848.000
     10458.300      2748.070
     10358.300      2448.280
      9807.830      2598.180
     10158.100      3047.860
      9957.960      3047.860
      9757.790      3147.790
      9757.790      2748.070
      9707.760      2798.030
      9657.720      2848.000
      9607.680      2798.030
      9357.480      2848.000
      9207.350      2798.030
      9257.400      2947.930
      9657.720      3147.790
      9457.550      3447.580
      9557.640      3747.370
      9357.480      3947.230
      9757.790      3847.300
      9707.760      3997.200
      9807.830      3997.200
     10158.100      4047.160
      9807.830      4396.920
      9857.880      4346.950
      9907.920      4396.920
     10108.100      4396.920
     10108.100      4496.850
     10208.200      4396.920
     10308.200      4496.850
     10408.300      4197.050
     10408.300      4097.130
     10658.500      4047.160
     10808.600      4296.980
     10808.600      4396.920
     10508.400      4496.850
     10508.400      4596.770
     10708.500      4596.770
     10808.600      4696.700
     10408.300      4996.500
     10508.400      4996.500
     10508.400      5196.350
     10808.600      4996.500
     10908.700      4996.500
     10858.700      4946.530
     11008.800      4696.700
     11259.000      4546.810
     11108.900      4396.920
     11008.800      4296.980
     11008.800      4396.920
     11108.900      4296.980
     11259.000      4147.090
     11559.200      3847.300
     11359.100      4047.160
     11359.100      3747.370
     11158.900      3747.370
     10958.800      3847.300
     10558.400      3347.650
     10358.300      3547.510
     10558.400      3647.440
     10808.600      3497.550
     10858.700      3647.440
     11259.000      3347.650
     11359.100      3547.510
     11559.200      3447.580
     11509.200      3097.830
     12009.600      2997.900
     12259.800      2848.000
     11959.500      2448.280
     11859.500      2548.210
     12009.600      2698.110
     12259.800      2548.210
     12810.200      2398.310
     12560.000      2748.070
     12660.100      2947.930
     12460.000      2947.930
     12359.900      3147.790
     12359.900      3347.650
     12259.800      3447.580
     12710.200      3797.330
     12460.000      3847.300
     12159.700      3847.300
     12159.700      3947.230
     12009.600      4097.130
     11859.500      4047.160
     11959.500      4446.880
     12009.600      4396.920
     12159.700      4346.950
     12560.000      4446.880
     12409.900      4496.850
     12309.800      4596.770
     12460.000      4746.670
     12460.000      4846.600
     12460.000      4946.530
     12760.200      4946.530
     12760.200      5146.390
     12460.000      5146.390
     12510.000      5196.350
     12460.000      5246.320
     12259.800      5046.460
     12159.700      5246.320
     12059.600      4946.530
     11809.400      4996.500
     11859.500      5346.250
     11659.300      5646.040
     11509.200      5296.290
     11509.200      5096.420
     11609.300      4896.570
     11559.200      4446.880
     11609.300      4396.920
     11659.300      4546.810
     11409.100      4896.570
     11309.000      4896.570
     11459.200      5046.460
     11359.100      5246.320
     11359.100      5446.180
     11659.300      5745.970
     11859.500      5646.040
     12159.700      5546.110
     12259.800      5845.900
     12059.600      6045.760
     12159.700      6145.690
     12009.600      6295.590
     12159.700      6545.410
     12359.900      5945.830
     12460.000      6045.760
     12710.200      6495.440
     12560.000      6545.410
     12510.000      6595.380
     12259.800      6845.200
     12109.700      6795.240
     12109.700      6895.160
     11909.500      6795.240
     12109.700      6995.090
     12309.800      7194.960
     12309.800      7294.880
     12460.000      7144.990
     12710.200      6795.240
     12710.200      6995.090
     12710.200      7095.030
     13010.400      6995.090
     13260.600      7344.850
     13160.500      6745.270
     13060.400      6445.480
     13310.600      6595.380
     13310.600      6695.310
     13460.800      6545.410
     13160.500      6145.690
     12560.000      5646.040
     12510.000      5696.010
     12710.200      5795.940
     12960.300      5646.040
     12960.300      5845.900
     13260.600      6045.760
     13360.700      6045.760
     13460.800      6145.690
     13460.800      5845.900
     13711.000      5496.140
     13861.100      5646.040
     13660.900      5745.970
     13560.800      5745.970
     13360.700      5646.040
     13360.700      5446.180
     13260.600      5246.320
     13560.800      5346.250
     13560.800      5246.320
     13711.000      5196.350
     13660.900      5146.390
     13360.700      4946.530
     13160.500      4746.670
     13460.800      4646.740
     13310.600      4496.850
     12960.300      4047.160
     13260.600      4247.020
     13610.900      4197.050
     13961.200      4346.950
     14011.200      4396.920
     14061.200      4147.090
     13961.200      4147.090
     13961.200      3947.230
     13961.200      3847.300
     13761.000      3747.370
     13610.900      3797.330
     13360.700      3747.370
     13460.800      3647.440
     13560.800      3547.510
     13861.100      3347.650
     12860.300      3047.860
     12960.300      3147.790
     13460.800      2448.280
     13811.000      2498.250
     13811.000      2897.960
     14061.200      2848.000
     14111.300      2798.030
     14261.400      2947.930
     14461.500      2947.930
     14661.700      2848.000
     14661.700      3047.860
     14761.800      3147.790
     14861.900      3147.790
     15012.000      3197.750
     14811.800      3197.750
     14411.500      3297.680
     14361.500      3247.720
     14161.300      3547.510
     14461.500      3847.300
     14561.600      3847.300
     14761.800      3847.300
     14761.800      4047.160
     14861.900      4147.090
     14861.900      4346.950
     14962.000      4047.160
     15162.100      3747.370
     15162.100      3847.300
     15362.300      3547.510
     15412.300      3497.550
     15462.300      3547.510
     15362.300      3747.370
     15062.000      4147.090
     15062.000      4247.020
     15162.100      4247.020
     15412.300      4197.050
     15562.400      3947.230
     15562.400      3847.300
     15662.500      3847.300
     15862.700      3647.440
     15162.100      2848.000
     15262.200      2548.210
     15362.300      2947.930
     15412.300      2897.960
     15562.400      2947.930
     15862.700      2947.930
     16012.800      2798.030
     16062.800      2947.930
     16112.900      2798.030
     16263.000      2548.210
     16263.000      2848.000
     16263.000      3047.860
     16263.000      3147.790
     16213.000      3497.550
     16363.100      3547.510
     16513.200      3297.680
     16563.200      3347.650
     16763.400      3447.580
     16963.600      3547.510
     16563.200      3847.300
     16513.200      3797.330
     16613.300      3997.200
     16763.400      4047.160
     16963.600      3747.370
     17013.600      3897.270
     17363.900      4147.090
     17363.900      4346.950
     17213.800      4396.920
     16813.400      4396.920
     16763.400      4346.950
     16663.300      4247.020
     16613.300      4396.920
     16463.200      4946.530
     16263.000      4946.530
     16213.000      4596.770
     16112.900      4696.700
     15762.600      4646.740
     15862.700      5246.320
     15462.300      5446.180
     15762.600      5446.180
     15862.700      5546.110
     15912.700      5596.070
     15662.500      5546.110
     15662.500      5646.040
     15662.500      5745.970
     15562.400      5646.040
     15562.400      5745.970
     15762.600      5945.830
     15812.600      5895.870
     16062.800      5945.830
     15962.800      6045.760
     15912.700      6295.590
     15762.600      6145.690
     15762.600      6245.620
     15462.300      6145.690
     15412.300      6095.720
     14661.700      4946.530
     14461.500      4946.530
     14411.500      4696.700
     14261.400      4846.600
     14161.300      4846.600
     14161.300      5046.460
     13961.200      5046.460
     14361.500      5446.180
     14461.500      5446.180
     14361.500      5546.110
     14161.300      5646.040
     14561.600      5845.900
     14962.000      6045.760
     15012.000      6295.590
     14611.700      6295.590
     14411.500      6295.590
     14461.500      6445.480
     14461.500      6545.410
     14611.700      6495.440
     14911.900      6595.380
     14962.000      6745.270
     14461.500      6945.130
     14061.200      6745.270
     14211.300      6395.510
     14011.200      6295.590
     14011.200      6395.510
     14011.200      6595.380
     13961.200      6645.340
     14061.200      6845.200
     14011.200      6795.240
     14461.500      7344.850
     15062.000      6945.130
     15112.100      6895.160
     15112.100      6995.090
     15062.000      6645.340
     15262.200      6545.410
     15212.200      6695.310
     15262.200      6945.130
     15312.200      6995.090
     15362.300      7045.060
     15512.400      6995.090
     15662.500      6745.270
     15962.800      6445.480
     16112.900      6395.510
     16112.900      6295.590
     16263.000      6245.620
     16313.000      6295.590
     16263.000      6445.480
     15962.800      6645.340
     16162.900      6845.200
     16513.200      6895.160
     16463.200      7144.990
     16913.500      6995.090
     16963.600      6945.130
     17213.800      7095.030
     16713.300      6695.310
     16813.400      6395.510
     16863.500      6445.480
     17013.600      6595.380
     17263.800      6645.340
     17313.800      6495.440
     17864.300      6245.620
     17564.000      6245.620
     17363.900      6245.620
     17363.900      5945.830
     17013.600      6195.660
     16563.200      6145.690
     16563.200      6045.760
     16763.400      5845.900
     16863.500      5646.040
     16463.200      5346.250
     16563.200      5146.390
     16663.300      4946.530
     16863.500      5046.460
     16963.600      4846.600
     17113.700      4696.700
     17013.600      4896.570
     17013.600      4996.500
     16963.600      5146.390
     17163.700      5146.390
     17163.700      5246.320
     17263.800      5346.250
     17413.900      5096.420
     17464.000      5046.460
     17614.100      5096.420
     17864.300      4746.670
     17764.200      4846.600
     17564.000      4646.740
     17814.200      5196.350
     17914.300      5396.220
     17964.300      5546.110
     18164.500      5745.970
     18264.600      5745.970
     18364.700      5646.040
     18464.800      5646.040
     18264.600      5546.110
     18364.700      5346.250
     18464.800      5246.320
     18564.800      5046.460
     18464.800      5046.460
     18364.700      5046.460
     18264.600      5146.390
     18264.600      4946.530
     18164.500      4846.600
     18064.400      4946.530
     18064.400      4746.670
     18164.500      4646.740
     18264.600      4646.740
     17764.200      4147.090
     17764.200      4047.160
     17614.100      3997.200
     17564.000      4047.160
     17564.000      3847.300
     17464.000      3647.440
     17263.800      3647.440
     17063.600      3347.650
     16863.500      3247.720
     16513.200      2798.030
     16663.300      2848.000
     16813.400      2798.030
     17013.600      2997.900
     16963.600      2947.930
     17113.700      2798.030
     17363.900      2947.930
     17464.000      2748.070
     17363.900      2848.000
     16963.600      2448.280
     16863.500      2448.280
     16813.400      1698.810
     16963.600      1648.840
     16763.400      1448.980
     16563.200      1349.050
     16713.300      1299.090
     16913.500      1399.010
     17063.600      1349.050
     17113.700      1598.880
     17263.800      1548.910
     17313.800      1698.810
     17464.000      1648.840
     17413.900      1498.940
     17213.800      1299.090
     17564.000      1448.980
     17614.100      1598.880
     17714.200      1399.010
     17764.200      1548.910
     17864.300      1349.050
     18014.400      1299.090
     18064.400      1448.980
     17914.300      1498.940
     18114.500      1698.810
     18264.600      1648.840
     18414.700      1598.880
     18214.600      1399.010
     18364.700      1349.050
     18514.800      1299.090
     18614.900      1299.090
     18664.900      1349.050
     18614.900      1399.010
     18614.900      1498.940
     18664.900      1548.910
     18664.900      1448.980
     18715.000      1399.010
     18715.000      1299.090
     18765.000      1349.050
     18815.000      1299.090
     18815.000      1399.010
     18865.100      1349.050
     18915.100      1299.090
     18915.100      1399.010
     18865.100      1448.980
     18915.100      1498.940
     18915.100      1598.880
     18915.100      1698.810
     18865.100      1648.840
     18815.000      1598.880
     18865.100      1548.910
     18815.000      1498.940
     18765.000      1448.980
     18715.000      1498.940
     18765.000      1548.910
     18715.000      1598.880
     18765.000      1648.840
     18815.000      1698.810
     18715.000      1698.810
     18664.900      1648.840
     18614.900      1598.880
     18614.900      1698.810
     17864.300      2548.210
     18414.700      2598.180
     18564.800      2448.280
     18364.700      2848.000
     18264.600      2947.930
     18564.800      3047.860
     18715.000      2897.960
     18915.100      2698.110
     18815.000      2897.960
     18614.900      3297.680
     18564.800      3347.650
     18464.800      3447.580
     17864.300      2848.000
     17864.300      3147.790
     17964.300      3547.510
     18064.400      3847.300
     18214.600      3997.200
     18264.600      3947.230
     18364.700      3847.300
     18464.800      3747.370
     18715.000      4197.050
     18664.900      4247.020
     18464.800      4247.020
     18264.600      4247.020
     18364.700      4346.950
     18514.800      4596.770
     18414.700      4696.700
     18664.900      4846.600
     18915.100      4696.700
     18965.200      4646.740
     18865.100      4546.810
     18865.100      4047.160
     18865.100      3947.230
     18815.000      3797.330
     18865.100      3847.300
     19015.200      4097.130
     19115.300      4197.050
     19215.300      4197.050
     19465.600      3947.230
     19465.600      3847.300
     19465.600      3747.370
     19115.300      3297.680
     19365.500      3247.720
     19465.600      2947.930
     19365.500      2848.000
     19115.300      2698.110
     19365.500      2548.210
     19715.800      2498.250
     21317.000      2098.530
     19515.600      4097.130
     19365.500      4147.090
     19315.400      4197.050
     19165.300      4646.740
     19365.500      4746.670
     19215.300      5096.420
     19015.200      5196.350
     19115.300      5296.290
     19215.300      5296.290
     19115.300      5496.140
     18915.100      5995.790
     18965.200      5945.830
     19415.500      6295.590
     19715.800      7194.960
     18815.000      6195.660
     18664.900      6145.690
     18464.800      5845.900
     18164.500      6045.760
     18164.500      6145.690
     18464.800      6545.410
     18214.600      6595.380
     18114.500      6895.160
     18314.600      7194.960
     18214.600      7194.960
     18164.500      7144.990
     18064.400      7144.990
     18014.400      7194.960
     17964.300      7144.990
     17764.200      7144.990
     17464.000      7344.850
     16863.500      8344.150
     16813.400      8394.110
     16763.400      8344.150
     16413.100      8394.110
     16313.000      8494.050
     16263.000      8444.080
     16313.000      8394.110
     16213.000      8294.180
     16112.900      8294.180
     16162.900      8444.080
     16213.000      8494.050
     16112.900      8593.980
     16012.800      8593.980
     15962.800      8544.010
     15862.700      8544.010
     15862.700      8344.150
     15762.600      8344.150
     15412.300      8394.110
     15312.200      8394.110
     15312.200      8494.050
     15262.200      8444.080
     15212.200      8494.050
     15112.100      8593.980
     15012.000      8593.980
     14962.000      8544.010
     14861.900      8544.010
     15162.100      8444.080
     15212.200      8294.180
     15112.100      8294.180
     14861.900      8344.150
     14761.800      8344.150
     14411.500      8394.110
     14311.400      8494.050
     14261.400      8444.080
     14311.400      8394.110
     14211.300      8294.180
     14111.300      8294.180
     14161.300      8444.080
     14211.300      8494.050
     14111.300      8593.980
     14011.200      8593.980
     13961.200      8544.010
     13861.100      8544.010
     13861.100      8344.150
     13761.000      8344.150
     13410.700      8394.110
     13310.600      8394.110
     13310.600      8494.050
     13260.600      8444.080
     13210.500      8494.050
     13160.500      8444.080
     13210.500      8294.180
     13110.500      8294.180
     12860.300      8344.150
     12810.200      8394.110
     12760.200      8344.150
     11509.200      7194.960
     11259.000      6845.200
     11008.800      7095.030
     10758.600      6945.130
     11008.800      6795.240
     11008.800      6695.310
     11108.900      6495.440
     11509.200      6495.440
     11108.900      6095.720
     11158.900      5945.830
     11259.000      5546.110
     11008.800      5795.940
     10708.500      6095.720
     10358.300      5646.040
     10408.300      5795.940
     10458.300      6045.760
     10308.200      6295.590
     10208.200      6395.510
     10208.200      6495.440
     10358.300      6845.200
     10208.200      6795.240
      9757.790      6745.270
      9407.510      6795.240
      9457.550      6945.130
      9757.790      7045.060
     10058.000      7144.990
      9807.830      6895.160
      9757.790      6445.480
      9907.920      6295.590
     10158.100      6145.690
      9957.960      5945.830
     10158.100      5845.900
      9757.790      5845.900
     10158.100      5346.250
     10358.300      5146.390
     10158.100      5146.390
     10158.100      4946.530
     10058.000      4846.600
     10058.000      4946.530
     10008.000      5096.420
      9957.960      5046.460
      9657.720      5046.460
      9607.680      5096.420
      9557.640      5146.390
      9557.640      5046.460
      9457.550      4946.530
      9657.720      4946.530
     10058.000      4546.810
      9907.920      4596.770
      9607.680      4596.770
      9707.760      4396.920
      9557.640      4346.950
      9457.550      4247.020
      9557.640      4147.090
      9557.640      4247.020
      9057.240      4147.090
      8957.160      4047.160
      8957.160      3847.300
      9057.240      3847.300
      9057.240      3747.370
      8957.160      3447.580
      9007.200      2798.030
      8757.000      2848.000
      8356.680      3047.860
      8156.510      2748.070
      8156.510      3047.860
      8056.440      3047.860
      7956.350      2947.930
      7856.270      2848.000
      7756.200      2548.210
      7756.200      2448.280
      7656.110      2548.210
      7706.160      2798.030
      7606.070      2798.030
      7856.270      3147.790
      7756.200      3347.650
      7556.030      3447.580
      6955.550      3247.720
      6955.550      2848.000
      7105.680      2598.180
      7055.640      2848.000
      7105.680      2798.030
      6755.400      3247.720
      7005.590      3497.550
      6955.550      3847.300
      7005.590      3897.270
      6755.400      4147.090
      7155.720      3847.300
      7255.790      4147.090
      7556.030      4247.020
      7305.830      4496.850
      7506.000      4596.770
      7455.960      4846.600
      7656.110      4846.600
      7856.270      4346.950
      7756.200      4147.090
      8056.440      4247.020
      8056.440      4047.160
      8106.480      3997.200
      8156.510      3947.230
      8156.510      4047.160
      8356.680      3947.230
      8556.830      3847.300
      8356.680      3547.510
      8556.830      3547.510
      8606.880      3597.480
      8656.920      3947.230
      8606.880      3997.200
      8656.920      4147.090
      8757.000      4247.020
      8606.880      4296.980
      8506.790      4496.850
      8757.000      4646.740
      8907.110      4396.920
      9007.200      4596.770
      9107.270      4396.920
      9207.350      4596.770
      9057.240      4846.600
      8757.000      4846.600
      8606.880      4996.500
      8556.830      4846.600
      8356.680      4946.530
      8356.680      5646.040
      8456.760      5945.830
      8356.680      5845.900
      8356.680      5945.830
      8356.680      6145.690
      8356.680      6245.620
      8306.640      6395.510
      8957.160      6045.760
      9057.240      6045.760
      9157.310      5945.830
      9057.240      5745.970
      9507.590      5895.870
      9157.310      6245.620
      9007.200      6495.440
      8807.030      6995.090
      8256.590      7144.990
      8406.720      7294.880
      8106.480      6995.090
      8106.480      6895.160
      8056.440      6845.200
      7906.310      6895.160
      7656.110      6445.480
      7355.880      6145.690
      7656.110      5945.830
      7856.270      5745.970
      8106.480      5696.010
      7956.350      5945.830
      7455.960      5945.830
      7355.880      5845.900
      7055.640      6145.690
      6905.510      5895.870
      6955.550      6045.760
      6955.550      6145.690
      6855.480      6145.690
      6855.480      6245.620
      7005.590      6295.590
      7255.790      6345.550
      6905.510      6895.160
      7806.240      6995.090
      8006.400      7294.880
      7906.310      7294.880
      7756.200      7344.850
      6655.310      8643.940
      6455.160      8544.010
      6505.200      8693.900
      6305.030      8593.980
      6154.920      8643.940
      6405.110      8294.180
      6255.000      8344.150
      6104.880      8394.110
      5954.760      8444.080
      5904.720      8294.180
      5754.590      8344.150
      5804.640      8494.050
      6004.790      8693.900
      5654.510      8544.010
      5604.480      8394.110
      5504.400      8593.980
      5454.350      8444.080
      5354.270      8643.940
      5204.160      8693.900
      5154.110      8544.010
      5304.240      8494.050
      5104.070      8294.180
      4953.960      8344.150
      4803.830      8394.110
      5004.000      8593.980
      4853.880      8643.940
      4703.750      8693.900
      4603.680      8693.900
      4553.640      8643.940
      4603.680      8593.980
      4603.680      8494.050
      4553.640      8444.080
      4553.640      8544.010
      4503.590      8593.980
      4503.590      8693.900
      4453.550      8643.940
      4403.510      8693.900
      4403.510      8593.980
      4453.550      8544.010
      4503.590      8494.050
      4403.510      8494.050
      4453.550      8444.080
      4503.590      8394.110
      4553.640      8344.150
      4603.680      8394.110
      4603.680      8294.180
      4503.590      8294.180
      4453.550      8344.150
      4403.510      8294.180
      4353.480      8344.150
      4403.510      8394.110
      4353.480      8444.080
      4353.480      8544.010
      4353.480      8643.940
      4303.440      8693.900
      4303.440      8593.980
      4303.440      8494.050
      4303.440      8394.110
      4303.440      8294.180
      3602.880      7194.960
      1901.510      7894.460
      4053.240      6045.760
      4253.400      5945.830
      4303.440      5895.870
      4353.480      5745.970
      4253.400      5745.970
      4153.310      5745.970
      4053.240      5745.970
      4053.240      5546.110
      4353.480      5446.180
      4353.480      5346.250
      4353.480      5246.320
      4453.550      5046.460
      4403.510      4796.640
      4453.550      4846.600
      4153.310      5246.320
      4003.200      5096.420
      4153.310      5046.460
      4053.240      4946.530
      4053.240      4746.670
      4403.510      4596.770
      4353.480      4247.020
      4053.240      4147.090
      4403.510      3897.270
      4303.440      3997.200
      4003.200      3797.330
      4053.240      3647.440
      4003.200      3597.480
      4053.240      3447.580
      4253.400      3347.650
      4153.310      3147.790
