      2830.000        40.000
      2830.000        77.000
      2830.000       114.000
      2831.000       155.000
      2830.000       194.000
      2831.000       231.000
      2831.000       269.000
      2831.000       309.000
      2830.000       347.000
      2830.000       384.000
      2792.000        35.000
      2792.000        75.000
      2790.000       115.000
      2792.000       153.000
      2791.000       191.000
      2791.000       231.000
      2790.000       271.000
      2791.000       306.000
      2791.000       345.000
      2792.000       384.000
      2800.000       460.000
      2801.000       499.000
      2801.000       538.000
      2800.000       578.000
      2802.000       620.000
      2800.000       654.000
      2800.000       694.000
      2802.000       732.000
      2800.000       772.000
      2800.000       810.000
      2762.000       459.000
      2761.000       497.000
      2761.000       540.000
      2761.000       578.000
      2762.000       591.000
      2763.000       656.000
      2762.000       694.000
      2761.000       731.000
      2762.000       770.000
      2761.000       808.000
      2801.000       946.000
      2803.000      1034.000
      2723.000       943.000
      2724.000      1029.000
      2702.000      1003.000
      2800.000      1098.000
      2799.000      1137.000
      2831.000      1158.000
      2801.000      1178.000
      2800.000      1216.000
      2829.000      1237.000
      2801.000      1254.000
      2800.000      1292.000
      2800.000      1331.000
      2801.000      1370.000
      2799.000      1409.000
      2804.000      1450.000
      2759.000      1098.000
      2762.000      1138.000
      2762.000      1178.000
      2761.000      1213.000
      2763.000      1255.000
      2761.000      1293.000
      2763.000      1330.000
      2761.000      1369.000
      2759.000      1411.000
      2761.000      1446.000
      2762.000       617.000
      2801.000      1507.000
      2800.000      1548.000
      2801.000      1581.000
      2801.000      1619.000
      2799.000      1656.000
      2800.000      1698.000
      2800.000      1738.000
      2800.000      1781.000
      2799.000      1820.000
      2800.000      1856.000
      2760.000      1506.000
      2760.000      1543.000
      2763.000      1586.000
      2761.000      1621.000
      2761.000      1659.000
      2761.000      1698.000
      2762.000      1737.000
      2761.000      1775.000
      2762.000      1821.000
      2762.000      1853.000
      2800.000      2067.000
      2798.000      2102.000
      2799.000      2143.000
      2801.000      2183.000
      2800.000      2221.000
      2801.000      2262.000
      2800.000      2299.000
      2800.000      2337.000
      2801.000      2376.000
      2800.000      2414.000
      2760.000      2066.000
      2760.000      2105.000
      2761.000      2144.000
      2761.000      2184.000
      2763.000      2222.000
      2760.000      2259.000
      2761.000      2297.000
      2760.000      2338.000
      2761.000      2372.000
      2800.000      2411.000
      2800.000      2491.000
      2772.000      2512.000
      2732.000      2491.000
      2788.000      2167.000
      2762.000      2676.000
      2732.000      2618.000
      2761.000      2903.000
      2761.000      2983.000
      2799.000      3041.000
      2800.000      3083.000
      2799.000      3117.000
      2799.000      3085.000
      2799.000      3195.000
      2798.000      3234.000
      2799.000      3274.000
      2798.000      3312.000
      2798.000      3350.000
      2797.000      3389.000
      2799.000      3427.000
      2800.000      3464.000
      2864.000      3474.000
      2865.000      3515.000
      2798.000      3563.000
      2798.000      3796.000
      2797.000      3794.000
      2698.000        39.000
      2697.000       116.000
      2716.000       191.000
      2696.000       540.000
      2704.000      1437.000
      2704.000      1583.000
      2703.000      1680.000
      2694.000      2221.000
      2704.000      2317.000
      2714.000      2345.000
      2733.000      2374.000
      2720.000      3100.000
      2721.000      3147.000
      2752.000      3198.000
      2712.000      3194.000
      2683.000      3196.000
      2642.000      3195.000
      2763.000      3292.000
      2761.000      3332.000
      2761.000      3369.000
      2760.000      3409.000
      2732.000      3467.000
      2701.000      3621.000
      2699.000      3852.000
      2781.000      3940.000
      2701.000      3940.000
      2623.000      3945.000
      2621.000        -5.000
      2744.000        18.000
      2649.000        25.000
      2609.000        48.000
      2659.000        94.000
      2658.000       134.000
      2659.000       171.000
      2658.000       208.000
      2657.000       248.000
      2660.000       285.000
      2659.000       325.000
      2659.000       368.000
      2545.000        92.000
      2543.000       131.000
      2543.000       170.000
      2541.000       212.000
      2538.000       248.000
      2544.000       288.000
      2541.000       246.000
      2541.000       362.000
      2571.000       270.000
      2571.000       325.000
      2485.000        36.000
      2524.000        54.000
      2494.000       249.000
      2590.000       393.000
      2641.000       411.000
      2659.000       441.000
      2660.000       500.000
      2660.000       538.000
      2658.000       577.000
      2659.000       618.000
      2660.000       656.000
      2661.000       701.000
      2658.000       733.000
      2659.000       772.000
      2582.000       439.000
      2592.000       521.000
      2581.000       770.000
      2543.000       497.000
      2542.000       536.000
      2543.000       579.000
      2542.000       615.000
      2542.000       657.000
      2543.000       691.000
      2543.000       734.000
      2541.000       771.000
      2542.000       808.000
      2543.000       847.000
      2540.000       877.000
      2617.000       847.000
      2620.000       916.000
      2570.000      1004.000
      2529.000      1003.000
      2656.000      1042.000
      2658.000      1082.000
      2656.000      1118.000
      2657.000      1159.000
      2656.000      1200.000
      2657.000      1236.000
      2657.000      1272.000
      2657.000      1314.000
      2616.000      1137.000
      2617.000      1195.000
      2624.000      1273.000
      2598.000      1314.000
      2558.000      1214.000
      2542.000      1040.000
      2540.000      1079.000
      2541.000      1121.000
      2540.000      1156.000
      2539.000      1195.000
      2539.000      1231.000
      2540.000      1272.000
      2540.000      1311.000
      2501.000      1342.000
      2540.000      1358.000
      2540.000      1398.000
      2512.000      1436.000
      2628.000      1435.000
      2643.000      1484.000
      2667.000      1524.000
      2666.000      1560.000
      2665.000      1601.000
      2667.000      1640.000
      2665.000      1679.000
      2665.000      1728.000
      2666.000      1755.000
      2666.000      1794.000
      2665.000      1836.000
      2667.000      1873.000
      2646.000      1486.000
      2617.000      1525.000
      2628.000      1715.000
      2618.000      1756.000
      2548.000      1524.000
      2550.000      1561.000
      2552.000      1600.000
      2550.000      1640.000
      2550.000      1677.000
      2551.000      1717.000
      2551.000      1756.000
      2551.000      1798.000
      2549.000      1832.000
      2550.000      1874.000
      2579.000      1893.000
      2665.000      1935.000
      2647.000      1991.000
      2667.000      2025.000
      2667.000      2064.000
      2667.000      2104.000
      2665.000      2139.000
      2666.000      2178.000
      2665.000      2220.000
      2665.000      2254.000
      2548.000      2258.000
      2549.000      2218.000
      2549.000      2180.000
      2550.000      2141.000
      2549.000      2103.000
      2548.000      2064.000
      2548.000      2025.000
      2538.000      1987.000
      2590.000      2333.000
      2666.000      2328.000
      2667.000      2394.000
      2667.000      2432.000
      2666.000      2470.000
      2666.000      2508.000
      2665.000      2550.000
      2665.000      2586.000
      2666.000      2626.000
      2549.000      2393.000
      2548.000      2431.000
      2549.000      2473.000
      2548.000      2512.000
      2546.000      2548.000
      2550.000      2591.000
      2548.000      2627.000
      2687.000      2716.000
      2686.000      2868.000
      2647.000      2711.000
      2645.000      2866.000
      2643.000      2906.000
      2645.000      2984.000
      2604.000      2905.000
      2605.000      3109.000
      2605.000      3136.000
      2606.000      3290.000
      2606.000      3333.000
      2606.000      3368.000
      2604.000      3410.000
      2568.000      3037.000
      2568.000      3079.000
      2568.000      3119.000
      2567.000      3157.000
      2566.000      3195.000
      2567.000      3234.000
      2568.000      3274.000
      2566.000      3310.000
      2568.000      3350.000
      2566.000      3386.000
      2567.000      3428.000
      2568.000      3466.000
      2352.000        89.000
      2348.000       125.000
      2349.000       168.000
      2349.000       208.000
      2350.000       244.000
      2349.000       286.000
      2350.000       322.000
      2400.000       333.000
      2466.000       323.000
      2406.000       207.000
      2378.000       168.000
      2417.000       130.000
      2397.000        70.000
      2468.000       283.000
      2467.000       242.000
      2494.000       245.000
      2467.000       208.000
      2462.000       168.000
      2465.000       129.000
      2465.000        90.000
      2421.000       383.000
      2377.000       449.000
      2458.000       392.000
      2468.000       467.000
      2507.000       561.000
      2351.000       534.000
      2352.000       574.000
      2350.000       614.000
      2350.000       652.000
      2352.000       691.000
      2350.000       727.000
      2351.000       768.000
      2467.000       765.000
      2466.000       729.000
      2466.000       692.000
      2466.000       649.000
      2466.000       613.000
      2466.000       574.000
      2467.000       540.000
      2513.000       572.000
      2350.000       827.000
      2418.000       836.000
      2438.000       875.000
      2475.000       833.000
      2495.000       941.000
      2388.000       942.000
      2348.000       940.000
      2475.000      1008.000
      2466.000      1038.000
      2351.000      1040.000
      2350.000      1075.000
      2349.000      1114.000
      2347.000      1152.000
      2349.000      1192.000
      2349.000      1232.000
      2348.000      1270.000
      2348.000      1307.000
      2388.000      1209.000
      2408.000      1116.000
      2468.000      1310.000
      2466.000      1269.000
      2465.000      1232.000
      2484.000      1212.000
      2465.000      1190.000
      2465.000      1158.000
      2462.000      1112.000
      2466.000      1075.000
      2367.000      1354.000
      2380.000      1433.000
      2338.000      1452.000
      2415.000      1482.000
      2436.000      1431.000
      2425.000      1394.000
      2426.000      1358.000
      2465.000      1471.000
      2473.000      1373.000
      2321.000      1522.000
      2320.000      1557.000
      2320.000      1598.000
      2318.000      1638.000
      2320.000      1673.000
      2321.000      1717.000
      2322.000      1755.000
      2321.000      1794.000
      2321.000      1832.000
      2322.000      1872.000
      2349.000      1831.000
      2377.000      1870.000
      2378.000      1830.000
      2378.000      1789.000
      2378.000      1752.000
      2378.000      1714.000
      2377.000      1679.000
      2376.000      1637.000
      2378.000      1597.000
      2378.000      1558.000
      2380.000      1524.000
      2525.000      1880.000
      2493.000      1868.000
      2495.000      1830.000
      2493.000      1791.000
      2492.000      1753.000
      2493.000      1714.000
      2491.000      1676.000
      2492.000      1634.000
      2493.000      1601.000
      2494.000      1559.000
      2494.000      1349.000
      2378.000      2022.000
      2379.000      2059.000
      2377.000      2099.000
      2379.000      2137.000
      2377.000      2177.000
      2379.000      2218.000
      2379.000      2254.000
      2454.000      2041.000
      2474.000      1953.000
      2495.000      2288.000
      2493.000      2255.000
      2494.000      2218.000
      2491.000      2176.000
      2492.000      2138.000
      2493.000      2100.000
      2493.000      2061.000
      2495.000      2022.000
      2377.000      2388.000
      2378.000      2425.000
      2377.000      2468.000
      2376.000      2501.000
      2377.000      2547.000
      2379.000      2586.000
      2378.000      2624.000
      2378.000      2663.000
      2406.000      2428.000
      2437.000      2505.000
      2448.000      2624.000
      2495.000      2665.000
      2495.000      2623.000
      2495.000      2585.000
      2493.000      2547.000
      2493.000      2506.000
      2495.000      2468.000
      2494.000      2429.000
      2494.000      2391.000
      2379.000      2749.000
      2377.000      2786.000
      2377.000      2825.000
      2375.000      2865.000
      2378.000      2903.000
      2376.000      2943.000
      2377.000      2981.000
      2446.000      2769.000
      2436.000      2729.000
      2529.000      2979.000
      2515.000      3013.000
      2494.000      2982.000
      2491.000      2942.000
      2491.000      2902.000
      2492.000      2865.000
      2492.000      2825.000
      2493.000      2786.000
      2493.000      2748.000
      2531.000      2827.000
      2531.000      2787.000
      2530.000      2710.000
      2376.000      3057.000
      2376.000      3095.000
      2376.000      3136.000
      2378.000      3175.000
      2377.000      3212.000
      2377.000      3251.000
      2375.000      3288.000
      2377.000      3328.000
      2378.000      3368.000
      2376.000      3408.000
      2424.000      3426.000
      2454.000      3444.000
      2494.000      3403.000
      2495.000      3368.000
      2493.000      3326.000
      2492.000      3286.000
      2493.000      3248.000
      2493.000      3210.000
      2493.000      3170.000
      2492.000      3127.000
      2494.000      3095.000
      2495.000      3059.000
      2390.000      3550.000
      2385.000      3695.000
      2504.000      3813.000
      2268.000      3813.000
      2150.000        91.000
      2150.000       129.000
      2149.000       165.000
      2147.000       209.000
      2149.000       244.000
      2147.000       282.000
      2149.000       323.000
      2179.000       243.000
      2191.000        66.000
      2228.000        76.000
      2227.000       108.000
      2218.000       303.000
      2240.000       341.000
      2267.000       325.000
      2268.000       282.000
      2326.000       306.000
      2267.000       243.000
      2302.000       223.000
      2265.000       203.000
      2305.000       188.000
      2264.000       167.000
      2267.000       127.000
      2265.000        87.000
      2303.000        72.000
      2111.000       428.000
      2111.000       466.000
      2187.000       426.000
      2246.000       486.000
      2266.000       464.000
      2317.000       468.000
      2229.000       406.000
      2150.000       534.000
      2149.000       573.000
      2147.000       611.000
      2144.000       651.000
      2150.000       691.000
      2148.000       728.000
      2148.000       848.000
      2128.000       807.000
      2178.000       611.000
      2188.000       642.000
      2225.000       515.000
      2225.000       555.000
      2233.000       728.000
      2303.000       767.000
      2267.000       767.000
      2266.000       730.000
      2303.000       709.000
      2265.000       689.000
      2312.000       650.000
      2266.000       651.000
      2267.000       615.000
      2262.000       571.000
      2266.000       534.000
      2130.000       803.000
      2167.000       848.000
      2245.000       843.000
      2286.000       885.000
      2167.000       921.000
      2136.000       939.000
      2149.000      1031.000
      2148.000      1063.000
      2147.000      1107.000
      2149.000      1143.000
      2145.000      1183.000
      2146.000      1219.000
      2146.000      1261.000
      2148.000      1300.000
      2148.000      1333.000
      2146.000      1377.000
      2195.000      1378.000
      2193.000      1221.000
      2206.000      1181.000
      2186.000      1142.000
      2206.000      1106.000
      2224.000      1066.000
      2265.000      1375.000
      2265.000      1339.000
      2261.000      1296.000
      2263.000      1260.000
      2264.000      1220.000
      2291.000      1221.000
      2263.000      1182.000
      2281.000      1164.000
      2264.000      1143.000
      2263.000      1104.000
      2261.000      1065.000
      2261.000      1026.000
      2253.000      1463.000
      2173.000      1462.000
      2146.000      1520.000
      2145.000      1558.000
      2147.000      1597.000
      2146.000      1635.000
      2144.000      1677.000
      2147.000      1716.000
      2145.000      1753.000
      2144.000      1793.000
      2147.000      1831.000
      2146.000      1870.000
      2204.000      1868.000
      2206.000      1830.000
      2205.000      1789.000
      2206.000      1753.000
      2205.000      1714.000
      2202.000      1673.000
      2204.000      1635.000
      2204.000      1596.000
      2203.000      1557.000
      2203.000      1521.000
      2251.000      1813.000
      2240.000      1558.000
      2252.000      1521.000
      2308.000      1966.000
      2310.000      1927.000
      2261.000      1922.000
      2194.000      1921.000
      2134.000      1951.000
      2148.000      2080.000
      2146.000      2122.000
      2143.000      2161.000
      2144.000      2200.000
      2148.000      2240.000
      2146.000      2278.000
      2145.000      2316.000
      2145.000      2354.000
      2146.000      2393.000
      2146.000      2434.000
      2186.000      2136.000
      2244.000      2450.000
      2204.000      2430.000
      2203.000      2391.000
      2204.000      2273.000
      2205.000      2314.000
      2199.000      2273.000
      2204.000      2239.000
      2230.000      2254.000
      2205.000      2197.000
      2203.000      2158.000
      2205.000      2602.000
      2205.000      2083.000
      2241.000      2062.000
      2204.000      2043.000
      2203.000      2014.000
      2254.000      2026.000
      2328.000      2024.000
      2319.000      2080.000
      2319.000      2122.000
      2318.000      2165.000
      2287.000      2169.000
      2319.000      2202.000
      2290.000      2230.000
      2319.000      2238.000
      2319.000      2277.000
      2291.000      2297.000
      2320.000      2316.000
      2321.000      2355.000
      2319.000      2396.000
      2319.000      2430.000
      2348.000      2396.000
      2167.000      2537.000
      2164.000      2576.000
      2163.000      2624.000
      2136.000      2641.000
      2115.000      2584.000
      2107.000      2661.000
      2106.000      2701.000
      2107.000      2740.000
      2105.000      2775.000
      2106.000      2819.000
      2104.000      2855.000
      2105.000      2894.000
      2105.000      2933.000
      2106.000      2992.000
      2175.000      3029.000
      2222.000      2990.000
      2187.000      2932.000
      2183.000      2893.000
      2185.000      2853.000
      2209.000      2813.000
      2186.000      2814.000
      2182.000      2778.000
      2185.000      2738.000
      2184.000      2700.000
      2183.000      2661.000
      2212.000      2699.000
      2252.000      2739.000
      2300.000      2991.000
      2300.000      2964.000
      2301.000      2933.000
      2301.000      2896.000
      2298.000      2854.000
      2299.000      2816.000
      2297.000      2776.000
      2296.000      2738.000
      2299.000      2700.000
      2300.000      2660.000
      2337.000      2703.000
      2336.000      2663.000
      2338.000      2620.000
      2290.000      2585.000
      2106.000      3087.000
      2075.000      3104.000
      2108.000      3123.000
      2107.000      3165.000
      2105.000      3201.000
      2107.000      3242.000
      2106.000      3277.000
      2103.000      3318.000
      2106.000      3359.000
      2106.000      3416.000
      2185.000      3356.000
      2185.000      3319.000
      2184.000      3277.000
      2181.000      3242.000
      2184.000      3201.000
      2184.000      3163.000
      2183.000      3122.000
      2182.000      3081.000
      2222.000      3222.000
      2279.000      3184.000
      2328.000      3077.000
      2298.000      3084.000
      2299.000      3125.000
      2298.000      3165.000
      2296.000      3205.000
      2299.000      3239.000
      2295.000      3280.000
      2300.000      3324.000
      2299.000      3355.000
      2339.000      3260.000
      2327.000      3416.000
      2062.000      3604.000
      2106.000      3606.000
      2167.000      3618.000
      2106.000      3643.000
      2104.000      3684.000
      2105.000      3723.000
      2105.000      3764.000
      2103.000      3801.000
      2106.000      3841.000
      2106.000      3884.000
      2166.000      3850.000
      2096.000        71.000
      2097.000       227.000
      2058.000        86.000
      2061.000       131.000
      2060.000       170.000
      2058.000       209.000
      2058.000       248.000
      2057.000       285.000
      2058.000       328.000
      1991.000       187.000
      1979.000       325.000
      1937.000        53.000
      1942.000        90.000
      1944.000       130.000
      1943.000       167.000
      1942.000       209.000
      1941.000       246.000
      1941.000       285.000
      1939.000       325.000
      2037.000       410.000
      2010.000       488.000
      2062.000       538.000
      2060.000       574.000
      2059.000       615.000
      2059.000       651.000
      2060.000       691.000
      2059.000       732.000
      2059.000       772.000
      2050.000       812.000
      1989.000       733.000
      1990.000       576.000
      1941.000       536.000
      1942.000       572.000
      1944.000       614.000
      1943.000       654.000
      1943.000       693.000
      1943.000       729.000
      1941.000       771.000
      1951.000       896.000
      2058.000       981.000
      2070.000      1031.000
      2069.000      1069.000
      2067.000      1107.000
      2068.000      1142.000
      2068.000      1182.000
      2068.000      1223.000
      2068.000      1259.000
      2074.000      1299.000
      2107.000      1327.000
      2067.000      1365.000
      2028.000      1318.000
      2038.000      1281.000
      2021.000      1243.000
      2000.000      1205.000
      1951.000      1257.000
      1950.000      1223.000
      1951.000      1183.000
      1951.000      1146.000
      1950.000      1111.000
      1950.000      1068.000
      1954.000      1028.000
      1954.000       972.000
      1951.000       893.000
      1971.000      1087.000
      2009.000      1032.000
      1893.000      1348.000
      1912.000      1409.000
      1941.000      1427.000
      2009.000      1433.000
      2000.000      1387.000
      2028.000      1526.000
      2029.000      1561.000
      2029.000      1599.000
      2029.000      1638.000
      2029.000      1680.000
      2028.000      1719.000
      2029.000      1755.000
      2028.000      1795.000
      2028.000      1833.000
      2029.000      1872.000
      2076.000      1813.000
      2097.000      1853.000
      2048.000      1950.000
      2018.000      1930.000
      1971.000      1521.000
      1971.000      1560.000
      1971.000      1600.000
      1970.000      1643.000
      1969.000      1677.000
      1971.000      1717.000
      1970.000      1754.000
      1969.000      1795.000
      1967.000      1351.000
      1969.000      1871.000
      2065.000      2026.000
      2107.000      2095.000
      2085.000      2141.000
      2095.000      2229.000
      2112.000      2317.000
      2009.000      2024.000
      2030.000      2084.000
      2029.000      2123.000
      2029.000      2162.000
      2028.000      2202.000
      2028.000      2239.000
      2029.000      2275.000
      2027.000      2317.000
      2027.000      2354.000
      2027.000      2393.000
      2028.000      2433.000
      1971.000      2082.000
      1970.000      2120.000
      1970.000      2161.000
      1972.000      2201.000
      1970.000      2239.000
      1969.000      2278.000
      1971.000      2317.000
      1970.000      2355.000
      1970.000      2392.000
      1969.000      2433.000
      1970.000      2469.000
      1949.000      2553.000
      2009.000      2576.000
      2009.000      2622.000
      2029.000      2665.000
      1982.000      2663.000
      1986.000      2707.000
      1988.000      2743.000
      1988.000      2777.000
      1989.000      2818.000
      1988.000      2857.000
      1988.000      2893.000
      1988.000      2934.000
      1912.000      2664.000
      1912.000      2703.000
      1911.000      2738.000
      1911.000      2779.000
      1913.000      2817.000
      1911.000      2858.000
      1912.000      2895.000
      1910.000      2932.000
      2026.000      2992.000
      1929.000      3049.000
      1990.000      3088.000
      1990.000      3125.000
      1989.000      3165.000
      1988.000      3203.000
      1990.000      3244.000
      1986.000      3280.000
      1989.000      3317.000
      1989.000      3357.000
      1989.000      3419.000
      2036.000      3318.000
      2045.000      3389.000
      1911.000      3416.000
      1909.000      3357.000
      1911.000      3318.000
      1911.000      3278.000
      1911.000      3240.000
      1911.000      3201.000
      1910.000      3165.000
      1912.000      3124.000
      1912.000      3086.000
      1930.000      3049.000
      2028.000      2992.000
      1988.000      3606.000
      1988.000      3646.000
      1989.000      3685.000
      1986.000      3724.000
      1986.000      3766.000
      1987.000      3803.000
      1986.000      3841.000
      1984.000      3880.000
      2015.000      3802.000
      2036.000      3841.000
      2015.000      3881.000
      1949.000      3605.000
      1949.000      3647.000
      1949.000      3811.000
      1949.000      3888.000
      1890.000      3540.000
      1911.000      3570.000
      1911.000      3608.000
      1910.000      3649.000
      1910.000      3686.000
      1911.000      3726.000
      1911.000      3760.000
      1911.000      3802.000
      1911.000      3841.000
      1911.000      3880.000
      1893.000      3820.000
      1870.000      3782.000
      1884.000        90.000
      1886.000       245.000
      1896.000       365.000
      1846.000        91.000
      1848.000       132.000
      1846.000       168.000
      1848.000       211.000
      1848.000       249.000
      1848.000       286.000
      1850.000       327.000
      1789.000        73.000
      1781.000       128.000
      1809.000       182.000
      1819.000       214.000
      1770.000       360.000
      1761.000       449.000
      1808.000       453.000
      1837.000       438.000
      1903.000       516.000
      1857.000       540.000
      1855.000       576.000
      1855.000       615.000
      1854.000       652.000
      1886.000       697.000
      1859.000       694.000
      1856.000       734.000
      1825.000       731.000
      1856.000       770.000
      1913.000       770.000
      1894.000       829.000
      1845.000       826.000
      1847.000       904.000
      1863.000       981.000
      1866.000      1020.000
      1866.000      1055.000
      1866.000      1099.000
      1865.000      1137.000
      1868.000      1174.000
      1866.000      1215.000
      1866.000      1251.000
      1866.000      1292.000
      1863.000      1329.000
      1864.000      1369.000
      1862.000      1402.000
      1836.000      1214.000
      1749.000       979.000
      1749.000      1018.000
      1750.000      1059.000
      1749.000      1098.000
      1749.000      1138.000
      1748.000      1175.000
      1748.000      1213.000
      1750.000      1250.000
      1749.000      1293.000
      1717.000      1291.000
      1749.000      1330.000
      1750.000      1371.000
      1751.000      1409.000
      1697.000      1389.000
      1920.000      1563.000
      1933.000      1642.000
      1892.000      1636.000
      1913.000      1787.000
      1854.000      1523.000
      1856.000      1562.000
      1855.000      1600.000
      1853.000      1641.000
      1855.000      1678.000
      1855.000      1717.000
      1856.000      1756.000
      1855.000      1794.000
      1852.000      1834.000
      1853.000      1952.000
      1930.000      2024.000
      1929.000      2236.000
      1942.000      2277.000
      1921.000      2314.000
      1923.000      2382.000
      1932.000      2430.000
      1884.000      2451.000
      1853.000      2023.000
      1855.000      2083.000
      1856.000      2123.000
      1854.000      2160.000
      1854.000      2201.000
      1855.000      2236.000
      1853.000      2277.000
      1856.000      2317.000
      1855.000      2356.000
      1855.000      2394.000
      1852.000      2431.000
      1911.000      2528.000
      1871.000      2526.000
      1854.000      2645.000
      1851.000      2990.000
      1832.000      3298.000
      1832.000      3339.000
      1692.000        32.000
      1732.000        91.000
      1733.000       127.000
      1710.000       233.000
      1735.000       170.000
      1731.000       209.000
      1731.000       251.000
      1731.000       288.000
      1731.000       325.000
      1681.000       213.000
      1682.000       249.000
      1645.000        91.000
      1645.000       129.000
      1643.000       167.000
      1642.000       208.000
      1643.000       249.000
      1643.000       285.000
      1641.000       322.000
      1732.000       449.000
      1652.000       450.000
      1736.000       537.000
      1741.000       575.000
      1741.000       614.000
      1741.000       658.000
      1710.000       655.000
      1740.000       692.000
      1741.000       730.000
      1742.000       766.000
      1651.000       534.000
      1652.000       575.000
      1652.000       614.000
      1651.000       653.000
      1653.000       692.000
      1654.000       730.000
      1651.000       770.000
      1650.000       856.000
      1785.000      2005.000
      1788.000      2045.000
      1787.000      2085.000
      1788.000      2120.000
      1788.000      2160.000
      1786.000      2200.000
      1786.000      2238.000
      1787.000      2274.000
      1787.000      2316.000
      1758.000      2317.000
      1788.000      2355.000
      1757.000      2374.000
      1789.000      2368.000
      1785.000      2431.000
      1777.000      2471.000
      1727.000      1947.000
      1730.000      1986.000
      1706.000      2082.000
      1709.000      2429.000
      1668.000      2003.000
      1668.000      2044.000
      1668.000      2083.000
      1669.000      2121.000
      1669.000      2161.000
      1670.000      2200.000
      1670.000      2237.000
      1669.000      2274.000
      1669.000      2317.000
      1669.000      2356.000
      1669.000      2391.000
      1666.000      2430.000
      1797.000      2529.000
      1745.000      2568.000
      1680.000      2515.000
      1630.000      2530.000
      1796.000      2665.000
      1795.000      2703.000
      1798.000      2742.000
      1797.000      2778.000
      1796.000      2816.000
      1797.000      2857.000
      1795.000      2892.000
      1797.000      2934.000
      1736.000      2719.000
      1739.000      2779.000
      1728.000      2859.000
      1729.000      2913.000
      1736.000      2963.000
      1697.000      2664.000
      1699.000      2702.000
      1701.000      2742.000
      1699.000      2778.000
      1699.000      2816.000
      1699.000      2856.000
      1698.000      2894.000
      1695.000      2937.000
      1795.000      3088.000
      1795.000      3129.000
      1797.000      3163.000
      1797.000      3203.000
      1796.000      3243.000
      1795.000      3277.000
      1795.000      3320.000
      1796.000      3358.000
      1717.000      3020.000
      1739.000      3184.000
      1696.000      3041.000
      1699.000      3069.000
      1700.000      3109.000
      1700.000      3143.000
      1699.000      3183.000
      1701.000      3223.000
      1699.000      3260.000
      1678.000      3280.000
      1700.000      3302.000
      1701.000      3339.000
      1698.000      3379.000
      1697.000      3418.000
      1794.000      3571.000
      1795.000      3609.000
      1796.000      3647.000
      1795.000      3686.000
      1795.000      3726.000
      1795.000      3764.000
      1794.000      3802.000
      1795.000      3840.000
      1796.000      3881.000
      1697.000      3568.000
      1698.000      3605.000
      1698.000      3649.000
      1698.000      3685.000
      1699.000      3723.000
      1696.000      3765.000
      1699.000      3798.000
      1697.000      3847.000
      1695.000      3877.000
      1705.000      3918.000
      1443.000        88.000
      1442.000       127.000
      1440.000       167.000
      1441.000       204.000
      1442.000       242.000
      1442.000       282.000
      1440.000       321.000
      1482.000       302.000
      1480.000       262.000
      1481.000       223.000
      1477.000        68.000
      1529.000        86.000
      1528.000       126.000
      1531.000       167.000
      1526.000       204.000
      1530.000       245.000
      1528.000       283.000
      1530.000       323.000
      1548.000       366.000
      1564.000       331.000
      1415.000       458.000
      1402.000       574.000
      1412.000       610.000
      1453.000       455.000
      1452.000       492.000
      1452.000       534.000
      1453.000       572.000
      1451.000       612.000
      1451.000       652.000
      1454.000       687.000
      1453.000       731.000
      1451.000       765.000
      1452.000       805.000
      1452.000       844.000
      1452.000       880.000
      1542.000       891.000
      1537.000       809.000
      1540.000       767.000
      1542.000       727.000
      1615.000       765.000
      1576.000       708.000
      1539.000       689.000
      1533.000       647.000
      1540.000       610.000
      1539.000       573.000
      1538.000       534.000
      1518.000       455.000
      1412.000      1054.000
      1432.000      1073.000
      1452.000      1056.000
      1449.000      1093.000
      1450.000      1132.000
      1449.000      1172.000
      1454.000      1210.000
      1452.000      1252.000
      1452.000      1289.000
      1451.000      1324.000
      1450.000      1366.000
      1452.000      1406.000
      1509.000      1206.000
      1529.000      1291.000
      1570.000      1055.000
      1570.000      1092.000
      1567.000      1131.000
      1567.000      1171.000
      1566.000      1209.000
      1567.000      1251.000
      1566.000      1290.000
      1567.000      1322.000
      1565.000      1370.000
      1567.000      1405.000
      1586.000      1232.000
      1605.000      1190.000
      1663.000      1171.000
      1660.000      1089.000
      1663.000      1056.000
      1598.000      1995.000
      1490.000      2080.000
      1490.000      2121.000
      1487.000      2157.000
      1487.000      2198.000
      1489.000      2235.000
      1487.000      2274.000
      1489.000      2314.000
      1487.000      2351.000
      1492.000      2393.000
      1488.000      2429.000
      1517.000      2196.000
      1557.000      2215.000
      1556.000      2078.000
      1602.000      2079.000
      1604.000      2118.000
      1604.000      2074.000
      1605.000      2199.000
      1601.000      2237.000
      1604.000      2272.000
      1603.000      2316.000
      1604.000      2355.000
      1604.000      2391.000
      1603.000      2427.000
      1477.000      2491.000
      1458.000      2546.000
      1468.000      2613.000
      1494.000      2552.000
      1548.000      2553.000
      1594.000      2544.000
      1605.000      2494.000
      1488.000      2659.000
      1486.000      2703.000
      1488.000      2735.000
      1488.000      2776.000
      1457.000      2775.000
      1489.000      2813.000
      1488.000      2855.000
      1457.000      2890.000
      1488.000      2893.000
      1487.000      2932.000
      1544.000      2775.000
      1547.000      2699.000
      1535.000      2668.000
      1583.000      2660.000
      1585.000      2701.000
      1585.000      2738.000
      1584.000      2777.000
      1586.000      2815.000
      1581.000      2852.000
      1586.000      2894.000
      1583.000      2933.000
      1485.000      3010.000
      1439.000      3046.000
      1448.000      3124.000
      1488.000      3085.000
      1493.000      3124.000
      1489.000      3162.000
      1485.000      3201.000
      1492.000      3244.000
      1487.000      3279.000
      1490.000      3316.000
      1488.000      3357.000
      1583.000      3065.000
      1624.000      3107.000
      1588.000      3102.000
      1585.000      3146.000
      1583.000      3182.000
      1601.000      3205.000
      1584.000      3223.000
      1584.000      3258.000
      1584.000      3300.000
      1586.000      3341.000
      1582.000      3373.000
      1584.000      3417.000
      1613.000      3420.000
      1632.000      3435.000
      1640.000      3473.000
      1671.000      3463.000
      1499.000      3493.000
      1487.000      3528.000
      1488.000      3570.000
      1486.000      3596.000
      1487.000      3643.000
      1487.000      3685.000
      1487.000      3722.000
      1488.000      3763.000
      1487.000      3800.000
      1488.000      3841.000
      1488.000      3878.000
      1547.000      3703.000
      1543.000      3742.000
      1582.000      3572.000
      1583.000      3604.000
      1584.000      3648.000
      1584.000      3686.000
      1580.000      3722.000
      1584.000      3764.000
      1583.000      3801.000
      1584.000      3842.000
      1586.000      3878.000
      1624.000      3861.000
      1633.000      3901.000
      1661.000      3889.000
      1622.000      3648.000
      1631.000      3607.000
      1651.000      3568.000
      1187.000       114.000
      1225.000        83.000
      1253.000        91.000
      1283.000        86.000
      1251.000       128.000
      1249.000       163.000
      1252.000       206.000
      1230.000       225.000
      1250.000       245.000
      1287.000       243.000
      1254.000       283.000
      1254.000       324.000
      1292.000       324.000
      1319.000        48.000
      1329.000        83.000
      1327.000       126.000
      1329.000       166.000
      1329.000       204.000
      1330.000       244.000
      1329.000       284.000
      1329.000       321.000
      1396.000        68.000
      1417.000       128.000
      1415.000       167.000
      1405.000       211.000
      1366.000       265.000
      1376.000       333.000
      1415.000       327.000
      1260.000       533.000
      1260.000       571.000
      1258.000       610.000
      1259.000       648.000
      1257.000       689.000
      1259.000       727.000
      1259.000       765.000
      1258.000       804.000
      1258.000       864.000
      1297.000       611.000
      1298.000       574.000
      1298.000       531.000
      1339.000       453.000
      1337.000       493.000
      1334.000       533.000
      1335.000       573.000
      1336.000       612.000
      1336.000       650.000
      1336.000       689.000
      1337.000       733.000
      1336.000       768.000
      1335.000       803.000
      1335.000       844.000
      1333.000       885.000
      1384.000       806.000
      1279.000       990.000
      1279.000      1062.000
      1236.000      1135.000
      1239.000      1174.000
      1238.000      1210.000
      1239.000      1250.000
      1239.000      1288.000
      1239.000      1329.000
      1238.000      1364.000
      1238.000      1408.000
      1208.000      1406.000
      1238.000      1444.000
      1277.000      1193.000
      1315.000      1152.000
      1296.000      1319.000
      1357.000      1068.000
      1356.000      1130.000
      1356.000      1172.000
      1401.000       976.000
      1395.000      1192.000
      1359.000      1214.000
      1375.000      1231.000
      1357.000      1251.000
      1354.000      1288.000
      1353.000      1326.000
      1357.000      1368.000
      1356.000      1406.000
      1051.000        88.000
      1047.000       125.000
      1049.000       170.000
      1044.000       206.000
      1046.000       246.000
      1048.000       280.000
      1046.000       322.000
      1099.000       334.000
      1106.000       127.000
      1096.000        95.000
      1136.000        86.000
      1134.000       128.000
      1132.000       162.000
      1134.000       204.000
      1135.000       247.000
      1135.000       280.000
      1136.000       322.000
      1153.000       387.000
      1182.000       339.000
      1232.000       395.000
      1036.000       456.000
      1090.000       425.000
      1162.000       465.000
      1233.000       507.000
      1047.000       534.000
      1049.000       572.000
      1045.000       608.000
      1046.000       650.000
      1046.000       689.000
      1046.000       730.000
      1044.000       763.000
      1048.000       805.000
      1047.000       847.000
      1047.000       887.000
      1105.000       805.000
      1092.000       764.000
      1074.000       727.000
      1087.000       613.000
      1086.000       533.000
      1128.000       633.000
      1142.000       529.000
      1144.000       573.000
      1142.000       610.000
      1143.000       650.000
      1146.000       690.000
      1142.000       729.000
      1141.000       768.000
      1142.000       804.000
      1185.000       592.000
      1221.000       648.000
      1218.000       861.000
      1183.000       863.000
      1094.000       900.000
      1085.000       928.000
      1029.000       942.000
      1027.000       998.000
      1144.000      1009.000
      1174.000       996.000
      1202.000      1000.000
      1174.000       942.000
       998.000      1066.000
       998.000      1104.000
       995.000      1145.000
       999.000      1181.000
       997.000      1222.000
       996.000      1261.000
       997.000      1298.000
       998.000      1339.000
       996.000      1393.000
      1055.000      1431.000
      1093.000      1452.000
      1095.000      1424.000
      1055.000      1400.000
      1054.000      1363.000
      1083.000      1384.000
      1094.000      1355.000
      1053.000      1325.000
      1053.000      1284.000
      1056.000      1249.000
      1058.000      1210.000
      1057.000      1172.000
      1058.000      1136.000
      1059.000      1092.000
      1048.000      1056.000
      1078.000      1154.000
      1102.000      1171.000
      1171.000      1055.000
      1173.000      1093.000
      1172.000      1135.000
      1137.000      1134.000
      1174.000      1179.000
      1172.000      1212.000
      1170.000      1251.000
      1152.000      1270.000
      1172.000      1292.000
      1172.000      1330.000
      1171.000      1368.000
      1170.000      1408.000
       784.000        30.000
       806.000       107.000
       842.000        85.000
       844.000       130.000
       843.000       166.000
       844.000       206.000
       843.000       245.000
       845.000       282.000
       843.000       322.000
       843.000       361.000
       882.000       166.000
       884.000        88.000
       930.000        85.000
       933.000       127.000
       932.000       163.000
       931.000       205.000
       931.000       246.000
       904.000       264.000
       929.000       286.000
       933.000       321.000
       930.000       370.000
       991.000       165.000
       826.000       440.000
       965.000       459.000
       581.000        79.000
       642.000        90.000
       642.000       128.000
       637.000       164.000
       642.000       208.000
       641.000       248.000
       641.000       285.000
       642.000       323.000
       640.000       361.000
       671.000       360.000
       681.000       164.000
       680.000        84.000
       710.000       437.000
       730.000       359.000
       732.000       321.000
       767.000       323.000
       726.000       287.000
       727.000       244.000
       726.000       117.000
       729.000       166.000
       729.000       130.000
       728.000        86.000
       805.000       594.000
       782.000       653.000
       842.000       631.000
       855.000       706.000
       872.000       799.000
       845.000       826.000
       843.000       864.000
       890.000       848.000
       889.000       883.000
       950.000       919.000
       932.000       883.000
       929.000       846.000
       930.000       804.000
       925.000       765.000
       933.000       726.000
       928.000       689.000
       958.000       690.000
       932.000       651.000
       929.000       612.000
       931.000       570.000
       929.000       535.000
      1001.000       514.000
       573.000       325.000
       611.000       474.000
       610.000       503.000
       601.000       575.000
       654.000       571.000
       640.000       648.000
       642.000       688.000
       638.000       728.000
       640.000       766.000
       641.000       805.000
       640.000       842.000
       641.000       883.000
       689.000       890.000
       689.000       843.000
       688.000       804.000
       729.000       863.000
       727.000       628.000
       896.000      1027.000
       881.000       971.000
       823.000       961.000
       746.000       958.000
       602.000       953.000
       599.000      1009.000
       828.000      1065.000
       803.000      1085.000
       824.000      1104.000
       825.000      1144.000
       823.000      1181.000
       823.000      1222.000
       825.000      1261.000
       821.000      1298.000
       822.000      1356.000
       843.000      1399.000
       882.000      1336.000
       881.000      1296.000
       882.000      1263.000
       880.000      1215.000
       880.000      1178.000
       882.000      1143.000
       882.000      1102.000
       879.000      1065.000
       750.000      1088.000
       753.000      1216.000
       754.000      1258.000
       773.000      1307.000
       747.000      1358.000
       710.000      1301.000
       709.000      1261.000
       707.000      1223.000
       706.000      1181.000
       707.000      1146.000
       704.000      1102.000
       708.000      1067.000
       638.000      1105.000
       639.000      1145.000
       641.000      1179.000
       637.000      1222.000
       638.000      1256.000
       639.000      1298.000
       640.000      1337.000
       640.000      1375.000
       641.000      1415.000
       602.000      1394.000
       638.000      1455.000
      1796.000      1505.000
      1756.000      1494.000
      1717.000      1484.000
      1679.000      1484.000
      1631.000      1473.000
      1533.000      1492.000
      1051.000      1481.000
      1002.000      1482.000
       811.000      1481.000
      1758.000      1524.000
      1719.000      1525.000
      1678.000      1524.000
      1640.000      1525.000
      1601.000      1522.000
      1563.000      1524.000
      1523.000      1524.000
      1485.000      1521.000
      1448.000      1524.000
      1408.000      1523.000
      1370.000      1524.000
      1332.000      1523.000
      1292.000      1524.000
      1252.000      1523.000
      1215.000      1523.000
      1175.000      1522.000
      1140.000      1523.000
      1097.000      1524.000
      1060.000      1522.000
      1022.000      1522.000
       982.000      1521.000
       947.000      1522.000
       905.000      1521.000
       865.000      1522.000
       829.000      1522.000
       790.000      1523.000
       752.000      1520.000
       713.000      1520.000
       675.000      1521.000
       634.000      1522.000
       597.000      1521.000
       557.000      1521.000
      1757.000      1647.000
      1759.000      1687.000
      1739.000      1773.000
      1720.000      1598.000
      1699.000      1744.000
      1679.000      1696.000
      1660.000      1559.000
      1640.000      1658.000
      1622.000      1820.000
      1606.000      1548.000
      1563.000      1551.000
      1574.000      1596.000
      1574.000      1763.000
      1548.000      1832.000
      1488.000      1562.000
      1451.000      1561.000
      1464.000      1610.000
      1488.000      1715.000
      1410.000      1627.000
      1411.000      1693.000
      1391.000      1776.000
      1370.000      1594.000
      1361.000      1626.000
      1334.000      1754.000
      1313.000      1783.000
      1274.000      1560.000
      1178.000      1813.000
      1140.000      1814.000
      1080.000      1693.000
      1042.000      1706.000
      1004.000      1636.000
       927.000      1618.000
       928.000      1667.000
       869.000      1743.000
       871.000      1842.000
       830.000      1765.000
       811.000      1642.000
       782.000      1630.000
       752.000      1611.000
       713.000      1570.000
       716.000      1842.000
       676.000      1751.000
       676.000      1821.000
       628.000      1762.000
       611.000      1716.000
       634.000      1596.000
       598.000      1607.000
       560.000      1646.000
       560.000      1685.000
       521.000      1784.000
      1756.000      1869.000
      1717.000      1869.000
      1680.000      1870.000
      1642.000      1871.000
      1602.000      1871.000
      1564.000      1871.000
      1526.000      1870.000
      1487.000      1871.000
      1448.000      1873.000
      1409.000      1871.000
      1369.000      1872.000
      1333.000      1872.000
      1294.000      1872.000
      1253.000      1873.000
      1218.000      1872.000
      1176.000      1870.000
      1139.000      1869.000
      1100.000      1872.000
      1061.000      1871.000
      1024.000      1869.000
       983.000      1871.000
       945.000      1870.000
       904.000      1870.000
       869.000      1870.000
       829.000      1870.000
       789.000      1872.000
       751.000      1867.000
       713.000      1872.000
       674.000      1868.000
       637.000      1869.000
       596.000      1871.000
       557.000      1872.000
      1642.000      1902.000
      1563.000      1899.000
      1456.000      1928.000
      1256.000      1899.000
      1234.000      1936.000
      1144.000      1909.000
      1102.000      1910.000
      1060.000      1909.000
       984.000      1898.000
       948.000      1909.000
       883.000      1927.000
       848.000      1907.000
       769.000      1906.000
       716.000      1899.000
       674.000      1908.000
       599.000      1908.000
      1475.000      1984.000
      1428.000      2007.000
      1429.000      2044.000
      1430.000      2082.000
      1430.000      2122.000
      1429.000      2160.000
      1429.000      2198.000
      1430.000      2238.000
      1429.000      2277.000
      1428.000      2314.000
      1432.000      2369.000
      1428.000      2391.000
      1429.000      2427.000
      1425.000      2493.000
      1380.000      2004.000
      1410.000      2102.000
      1380.000      2239.000
      1409.000      2370.000
      1352.000      2311.000
      1351.000      2340.000
      1351.000      2410.000
      1313.000      2156.000
      1270.000      2334.000
      1274.000      2490.000
      1379.000      2550.000
      1343.000      2547.000
      1362.000      2602.000
      1291.000      2527.000
      1265.000      2560.000
      1286.000      2635.000
      1363.000      2662.000
      1369.000      2701.000
      1394.000      2722.000
      1371.000      2740.000
      1370.000      2782.000
      1370.000      2817.000
      1369.000      2857.000
      1409.000      2886.000
      1369.000      2894.000
      1369.000      2935.000
      1273.000      2933.000
      1272.000      2893.000
      1273.000      2852.000
      1274.000      2814.000
      1275.000      2780.000
      1272.000      2737.000
      1271.000      2701.000
      1273.000      2664.000
      1234.000      2963.000
      1272.000      2961.000
      1390.000      2982.000
      1252.000      3025.000
      1343.000      3049.000
      1372.000      3087.000
      1372.000      3128.000
      1373.000      3166.000
      1371.000      3201.000
      1372.000      3240.000
      1369.000      3287.000
      1369.000      3317.000
      1374.000      3358.000
      1328.000      3417.000
      1294.000      3421.000
      1271.000      3357.000
      1276.000      3318.000
      1274.000      3278.000
      1233.000      3280.000
      1273.000      3239.000
      1275.000      3199.000
      1273.000      3164.000
      1276.000      3126.000
      1275.000      3085.000
      1224.000      3184.000
      1194.000      3144.000
      1320.000      3201.000
      1322.000      3260.000
      1392.000      3504.000
      1423.000      3532.000
      1399.000      3764.000
      1408.000      3862.000
      1439.000      3890.000
      1370.000      3528.000
      1370.000      3569.000
      1368.000      3612.000
      1369.000      3646.000
      1371.000      3683.000
      1370.000      3723.000
      1370.000      3765.000
      1367.000      3801.000
      1368.000      3840.000
      1367.000      3882.000
      1331.000      3871.000
      1332.000      3792.000
      1312.000      3586.000
      1274.000      3528.000
      1272.000      3567.000
      1272.000      3606.000
      1272.000      3648.000
      1273.000      3683.000
      1272.000      3722.000
      1273.000      3764.000
      1274.000      3808.000
      1274.000      3841.000
      1274.000      3879.000
      1234.000      2182.000
      1248.000      2241.000
      1226.000      2276.000
      1195.000      2006.000
      1198.000      2043.000
      1199.000      2079.000
      1197.000      2119.000
      1199.000      2162.000
      1196.000      2200.000
      1198.000      2238.000
      1195.000      2278.000
      1197.000      2317.000
      1198.000      2357.000
      1196.000      2392.000
      1197.000      2432.000
      1206.000      2489.000
      1157.000      2003.000
      1157.000      2042.000
      1158.000      2081.000
      1158.000      2118.000
      1159.000      2162.000
      1156.000      2200.000
      1156.000      2240.000
      1156.000      2278.000
      1159.000      2315.000
      1157.000      2351.000
      1160.000      2393.000
      1159.000      2431.000
      1155.000      2472.000
      1161.000      2509.000
      1119.000      2470.000
      1191.000      2576.000
      1119.000      2573.000
      1194.000      2740.000
      1155.000      2661.000
      1159.000      2700.000
      1159.000      2738.000
      1160.000      2776.000
      1161.000      2815.000
      1159.000      2854.000
      1157.000      2892.000
      1163.000      2929.000
      1108.000      2815.000
      1108.000      2912.000
      1082.000      2758.000
      1062.000      2657.000
      1063.000      2701.000
      1064.000      2739.000
      1062.000      2776.000
      1063.000      2816.000
      1061.000      2850.000
      1060.000      2894.000
      1059.000      2933.000
      1176.000      3028.000
      1158.000      3088.000
      1160.000      3126.000
      1155.000      3166.000
      1158.000      3201.000
      1159.000      3242.000
      1157.000      3282.000
      1158.000      3320.000
      1158.000      3356.000
      1109.000      3068.000
      1121.000      3105.000
      1097.000      3206.000
      1064.000      3088.000
      1062.000      3131.000
      1064.000      3162.000
      1062.000      3203.000
      1061.000      3241.000
      1059.000      3280.000
      1061.000      3320.000
      1062.000      3357.000
      1213.000      3625.000
      1224.000      3667.000
      1186.000      3743.000
      1204.000      3783.000
      1157.000      3530.000
      1158.000      3569.000
      1159.000      3611.000
      1160.000      3645.000
      1153.000      3686.000
      1158.000      3729.000
      1158.000      3765.000
      1156.000      3801.000
      1157.000      3843.000
      1157.000      3880.000
      1118.000      3501.000
      1118.000      3794.000
      1118.000      3870.000
      1059.000      3529.000
      1061.000      3568.000
      1063.000      3607.000
      1062.000      3647.000
      1061.000      3682.000
      1062.000      3730.000
      1059.000      3763.000
      1061.000      3801.000
      1059.000      3842.000
      1060.000      3880.000
       954.000      1976.000
       955.000      2023.000
      1083.000      2026.000
      1073.000      2061.000
      1012.000      2100.000
      1072.000      2198.000
       981.000      2279.000
      1050.000      2507.000
       964.000      2624.000
      1005.000      2681.000
       984.000      2719.000
      1031.000      3009.000
      1004.000      3059.000
       970.000      3018.000
      1003.000      3426.000
       968.000      3425.000
       928.000      2006.000
       928.000      2048.000
       928.000      2081.000
       927.000      2122.000
       927.000      2159.000
       928.000      2200.000
       925.000      2241.000
       927.000      2276.000
       926.000      2317.000
       928.000      2354.000
       926.000      2391.000
       929.000      2429.000
       926.000      2469.000
       924.000      2508.000
       886.000      2003.000
       889.000      2045.000
       888.000      2083.000
       888.000      2120.000
       889.000      2159.000
       887.000      2201.000
       886.000      2241.000
       890.000      2276.000
       886.000      2315.000
       888.000      2353.000
       888.000      2392.000
       886.000      2430.000
       887.000      2468.000
       889.000      2509.000
       910.000      2588.000
       947.000      2662.000
       869.000      2633.000
       947.000      2659.000
       946.000      2700.000
       946.000      2740.000
       946.000      2777.000
       947.000      2815.000
       945.000      2856.000
       947.000      2894.000
       944.000      2932.000
       847.000      2929.000
       848.000      2891.000
       850.000      2854.000
       847.000      2813.000
       848.000      2775.000
       847.000      2736.000
       849.000      2699.000
       849.000      2665.000
       863.000      2987.000
       867.000      3019.000
       944.000      3021.000
       941.000      3088.000
       944.000      3127.000
       945.000      3160.000
       945.000      3203.000
       943.000      3242.000
       945.000      3275.000
       946.000      3321.000
       945.000      3359.000
       849.000      3087.000
       849.000      3125.000
       850.000      3162.000
       848.000      3202.000
       850.000      3242.000
       850.000      3283.000
       853.000      3319.000
       938.000      3441.000
       910.000      3440.000
       943.000      3530.000
       947.000      3570.000
       943.000      3609.000
       946.000      3647.000
       947.000      3683.000
       947.000      3725.000
       947.000      3761.000
       946.000      3803.000
       946.000      3843.000
       946.000      3883.000
       904.000      3703.000
       928.000      3742.000
       904.000      3793.000
       895.000      3834.000
       897.000      3859.000
       867.000      3522.000
       848.000      3607.000
       848.000      3647.000
       849.000      3683.000
       848.000      3727.000
       852.000      3757.000
       850.000      3800.000
       849.000      3841.000
       850.000      3878.000
       826.000      3821.000
       811.000      3858.000
       694.000      1955.000
       824.000      1976.000
       804.000      2041.000
       793.000      2081.000
       762.000      2117.000
       803.000      2142.000
       750.000      2159.000
       773.000      2180.000
       861.000      2487.000
       831.000      2503.000
       842.000      2583.000
       759.000      2718.000
       791.000      2779.000
       780.000      2967.000
       829.000      3000.000
       808.000      3237.000
       819.000      3279.000
       760.000      3319.000
       780.000      3424.000
       808.000      3444.000
       785.000      3527.000
       780.000      3572.000
       748.000      3550.000
       750.000      3708.000
       655.000      1966.000
       656.000      2011.000
       655.000      2040.000
       656.000      2082.000
       658.000      2123.000
       656.000      2160.000
       656.000      2198.000
       658.000      2239.000
       657.000      2274.000
       657.000      2314.000
       657.000      2356.000
       657.000      2390.000
       654.000      2430.000
       655.000      2469.000
       656.000      2509.000
       599.000      2004.000
       597.000      2042.000
       598.000      2081.000
       596.000      2122.000
       598.000      2161.000
       599.000      2196.000
       600.000      2239.000
       597.000      2278.000
       597.000      2317.000
       598.000      2354.000
       597.000      2393.000
       598.000      2432.000
       597.000      2516.000
       598.000      2551.000
       734.000      2663.000
       735.000      2701.000
       735.000      2741.000
       735.000      2780.000
       735.000      2814.000
       734.000      2851.000
       732.000      2896.000
       734.000      2932.000
       704.000      2834.000
       680.000      2771.000
       689.000      2693.000
       697.000      2630.000
       657.000      2881.000
       639.000      2595.000
       636.000      2631.000
       639.000      2673.000
       637.000      2708.000
       635.000      2748.000
       635.000      2787.000
       635.000      2822.000
       636.000      2863.000
       636.000      2902.000
       636.000      2944.000
       598.000      2592.000
       600.000      2629.000
       596.000      2671.000
       598.000      2707.000
       596.000      2748.000
       596.000      2787.000
       597.000      2825.000
       598.000      2863.000
       595.000      2900.000
       595.000      2943.000
       733.000      3020.000
       628.000      2998.000
       547.000      3010.000
       734.000      3087.000
       733.000      3125.000
       736.000      3164.000
       732.000      3202.000
       732.000      3237.000
       733.000      3277.000
       734.000      3320.000
       703.000      3459.000
       692.000      3587.000
       733.000      3607.000
       731.000      3644.000
       733.000      3687.000
       734.000      3723.000
       732.000      3767.000
       732.000      3804.000
       734.000      3844.000
       733.000      3880.000
       674.000      3086.000
       676.000      3122.000
       674.000      3169.000
       674.000      3199.000
       672.000      3241.000
       675.000      3279.000
       677.000      3320.000
       676.000      3359.000
       675.000      3396.000
       674.000      3436.000
       666.000      3472.000
       676.000      3531.000
       675.000      3571.000
       672.000      3609.000
       674.000      3648.000
       675.000      3684.000
       675.000      3726.000
       674.000      3764.000
       674.000      3802.000
       674.000      3844.000
       676.000      3877.000
       578.000      3144.000
       620.000      3223.000
       640.000      3271.000
       607.000      3341.000
       636.000      3439.000
       597.000      3533.000
       609.000      3940.000
       438.000        49.000
       417.000       284.000
       457.000       122.000
       453.000       162.000
       454.000       202.000
       456.000       242.000
       457.000       282.000
       457.000       320.000
       456.000       361.000
       484.000       185.000
       524.000       122.000
       525.000       166.000
       526.000       204.000
       523.000       245.000
       524.000       283.000
       526.000       323.000
       524.000       361.000
       559.000       390.000
       390.000       410.000
       363.000        47.000
       339.000       124.000
       340.000       165.000
       340.000       204.000
       342.000       243.000
       341.000       282.000
       341.000       323.000
       342.000       359.000
       322.000        48.000
       302.000       127.000
       300.000       163.000
       302.000       203.000
       301.000       244.000
       302.000       285.000
       305.000       325.000
       304.000       362.000
       247.000       382.000
       223.000       282.000
       212.000       110.000
       233.000        50.000
       169.000        41.000
       186.000       128.000
       186.000       164.000
       186.000       203.000
       189.000       246.000
       186.000       285.000
       186.000       322.000
       188.000       361.000
       148.000       358.000
       147.000       322.000
       147.000       287.000
       150.000       244.000
       149.000       207.000
       149.000       166.000
       149.000       129.000
       111.000       168.000
        91.000        51.000
        54.000        48.000
        33.000       126.000
        33.000       167.000
        35.000       118.000
        35.000       248.000
        33.000       360.000
        31.000       364.000
        33.000       368.000
        34.000       372.000
        33.000       323.000
        34.000       362.000
        63.000       360.000
        90.000       324.000
       534.000       473.000
       529.000       610.000
       494.000       504.000
       467.000       475.000
       437.000       532.000
       454.000       603.000
       397.000       524.000
       415.000       479.000
       366.000       604.000
       322.000       524.000
       312.000       465.000
       272.000       522.000
       273.000       571.000
       262.000       436.000
       229.000       452.000
       224.000       484.000
       119.000       573.000
       117.000       526.000
        54.000       574.000
        52.000       493.000
        64.000       453.000
         4.000       554.000
       -47.000       512.000
         4.000       602.000
        34.000       632.000
        12.000       666.000
       550.000       691.000
       525.000       650.000
       525.000       689.000
       521.000       729.000
       523.000       766.000
       523.000       805.000
       521.000       841.000
       527.000       884.000
       455.000      1299.000
       427.000       884.000
       428.000       843.000
       429.000       804.000
       428.000       768.000
       427.000       728.000
       426.000       685.000
       430.000       648.000
       370.000       725.000
       387.000       781.000
       367.000       823.000
       311.000       883.000
       311.000       839.000
       313.000       801.000
       313.000       767.000
       309.000       724.000
       311.000       685.000
       316.000       649.000
       234.000       650.000
       234.000       685.000
       234.000       724.000
       212.000       745.000
       233.000       764.000
       233.000       802.000
       235.000       843.000
       236.000       885.000
       158.000       670.000
       117.000       646.000
       118.000       688.000
       119.000       728.000
       118.000       767.000
       120.000       805.000
       119.000       842.000
       120.000       882.000
       544.000      1038.000
       522.000       951.000
       477.000      1046.000
       475.000       979.000
       449.000      1050.000
       396.000       976.000
       299.000       941.000
       243.000       918.000
       262.000       991.000
       214.000       951.000
       205.000       987.000
       225.000      1026.000
       166.000       979.000
       127.000      1015.000
       106.000       972.000
        89.000      1017.000
        23.000       968.000
       -61.000       801.000
       -57.000        32.000
       523.000      1103.000
       524.000      1143.000
       523.000      1183.000
       522.000      1223.000
       523.000      1256.000
       523.000      1296.000
       523.000      1337.000
       523.000      1377.000
       526.000      1415.000
       523.000      1454.000
       476.000      1084.000
       476.000      1121.000
       475.000      1162.000
       475.000      1199.000
       477.000      1241.000
       474.000      1277.000
       475.000      1316.000
       478.000      1355.000
       478.000      1394.000
       475.000      1431.000
       475.000      1473.000
       878.000      1506.000
       474.000      1549.000
       475.000      1587.000
       475.000      1625.000
       478.000      1665.000
       475.000      1706.000
       475.000      1743.000
       476.000      1781.000
       476.000      1830.000
       476.000      1912.000
       436.000      1087.000
       439.000      1123.000
       438.000      1160.000
       434.000      1202.000
       436.000      1238.000
       435.000      1281.000
       436.000      1320.000
       435.000      1357.000
       436.000      1396.000
       436.000      1435.000
       438.000      1473.000
       435.000      1502.000
       435.000      1552.000
       434.000      1587.000
       436.000      1627.000
       438.000      1665.000
       437.000      1703.000
       437.000      1744.000
       438.000      1781.000
       438.000      1822.000
       437.000      1862.000
       434.000      1900.000
       391.000      1086.000
       377.000      1192.000
       385.000      1230.000
       367.000      1268.000
       378.000      1551.000
       358.000      1841.000
       346.000      1899.000
       317.000      1122.000
       322.000      1162.000
       322.000      1200.000
       319.000      1239.000
       321.000      1277.000
       319.000      1317.000
       321.000      1353.000
       321.000      1394.000
       320.000      1430.000
       320.000      1471.000
       320.000      1550.000
       321.000      1590.000
       318.000      1625.000
       319.000      1664.000
       320.000      1704.000
       321.000      1743.000
       319.000      1784.000
       321.000      1821.000
       321.000      1859.000
       319.000      1899.000
       279.000      1061.000
       283.000      1122.000
       281.000      1161.000
       281.000      1198.000
       280.000      1240.000
       282.000      1274.000
       281.000      1318.000
       281.000      1355.000
       281.000      1395.000
       281.000      1435.000
       283.000      1473.000
       281.000      1550.000
       281.000      1584.000
       282.000      1626.000
       281.000      1667.000
       281.000      1704.000
       281.000      1743.000
       284.000      1783.000
       283.000      1822.000
       282.000      1860.000
       282.000      1900.000
       216.000      1181.000
       246.000      1373.000
       241.000      1433.000
       230.000      1471.000
       260.000      1514.000
       236.000      1541.000
       235.000      1838.000
       205.000      1063.000
       167.000      1100.000
       170.000      1131.000
       166.000      1084.000
       165.000      1202.000
       167.000      1239.000
       187.000      1260.000
       168.000      1281.000
       167.000      1315.000
       165.000      1360.000
       168.000      1391.000
       167.000      1434.000
       170.000      1471.000
       167.000      1550.000
       166.000      1587.000
       165.000      1626.000
       167.000      1665.000
       167.000      1711.000
       169.000      1743.000
       167.000      1781.000
       167.000      1820.000
       168.000      1858.000
       167.000      1901.000
       131.000      1055.000
       129.000      1094.000
       128.000      1132.000
       125.000      1172.000
       128.000      1213.000
       126.000      1250.000
       128.000      1290.000
       123.000      1327.000
       127.000      1367.000
       128.000      1405.000
       129.000      1443.000
       127.000      1485.000
       128.000      1522.000
       131.000      1560.000
       129.000      1599.000
       130.000      1638.000
       130.000      1678.000
       127.000      1713.000
       128.000      1753.000
        91.000      1058.000
        89.000      1097.000
        87.000      1131.000
        87.000      1169.000
        86.000      1211.000
        86.000      1248.000
        90.000      1292.000
        87.000      1240.000
        90.000      1369.000
        86.000      1408.000
        88.000      1445.000
        90.000      1483.000
        91.000      1520.000
        88.000      1558.000
        94.000      1606.000
        91.000      1639.000
        88.000      1676.000
        89.000      1629.000
        89.000      1758.000
        53.000      1057.000
        49.000      1094.000
        49.000      1135.000
        51.000      1175.000
        51.000      1213.000
        49.000      1251.000
        50.000      1288.000
        50.000      1328.000
        51.000      1366.000
        49.000      1404.000
        51.000      1444.000
        50.000      1483.000
        51.000      1522.000
        50.000      1558.000
        53.000      1600.000
        50.000      1637.000
        50.000      1673.000
        47.000      1712.000
        50.000      1754.000
        49.000      1795.000
        11.000      1055.000
        16.000      1095.000
        12.000      1134.000
        13.000      1173.000
        15.000      1210.000
        12.000      1249.000
        11.000      1289.000
        14.000      1328.000
        13.000      1368.000
        14.000      1406.000
        16.000      1441.000
        13.000      1482.000
        14.000      1521.000
        10.000      1561.000
        12.000      1594.000
        10.000      1637.000
        15.000      1678.000
        15.000      1714.000
        11.000      1753.000
        11.000      1793.000
        21.000      1882.000
        88.000      1327.000
        88.000      1712.000
       503.000      2002.000
       512.000      2040.000
       542.000      2099.000
       521.000      2140.000
       534.000      2179.000
       484.000      2098.000
       434.000      2062.000
       414.000      2020.000
       394.000      2137.000
       426.000      2198.000
       463.000      2277.000
       484.000      2313.000
       415.000      2292.000
       435.000      2373.000
       436.000      2437.000
       463.000      2438.000
       494.000      2458.000
       484.000      2516.000
       484.000      2552.000
       483.000      2592.000
       483.000      2630.000
       484.000      2671.000
       483.000      2707.000
       484.000      2748.000
       482.000      2784.000
       482.000      2824.000
       484.000      2863.000
       485.000      2903.000
       483.000      2939.000
       521.000      2941.000
       520.000      2899.000
       523.000      2862.000
       521.000      2823.000
       521.000      2787.000
       524.000      2745.000
       520.000      2709.000
       521.000      2669.000
       522.000      2631.000
       520.000      2593.000
       473.000      3011.000
       337.000      1933.000
       359.000      1964.000
       368.000      2001.000
       368.000      2039.000
       367.000      2079.000
       367.000      2118.000
       368.000      2160.000
       367.000      2197.000
       367.000      2238.000
       368.000      2275.000
       368.000      2313.000
       370.000      2351.000
       369.000      2392.000
       365.000      2427.000
       322.000      2080.000
       319.000      2118.000
       318.000      2156.000
       319.000      2199.000
       318.000      2233.000
       319.000      2274.000
       319.000      2315.000
       318.000      2352.000
       319.000      2394.000
       318.000      2428.000
       290.000      1972.000
       281.000      1999.000
       282.000      2042.000
       280.000      2078.000
       278.000      2115.000
       280.000      2161.000
       280.000      2195.000
       279.000      2236.000
       281.000      2278.000
       280.000      2312.000
       281.000      2355.000
       280.000      2392.000
       277.000      2427.000
       348.000      2503.000
       385.000      2524.000
       387.000      2554.000
       365.000      2582.000
       376.000      2622.000
       394.000      2750.000
       395.000      2952.000
       308.000      2526.000
       279.000      2527.000
       280.000      2563.000
       321.000      2604.000
       283.000      2600.000
       316.000      2640.000
       282.000      2640.000
       321.000      2680.000
       280.000      2679.000
       320.000      2717.000
       282.000      2717.000
       320.000      2757.000
       279.000      2755.000
       318.000      2798.000
       283.000      2794.000
       319.000      2833.000
       281.000      2832.000
       318.000      2870.000
       282.000      2869.000
       321.000      2910.000
       280.000      2910.000
       320.000      2949.000
       281.000      2949.000
       557.000      3089.000
       559.000      3125.000
       556.000      3164.000
       558.000      3201.000
       558.000      3240.000
       559.000      3279.000
       558.000      3317.000
       559.000      3356.000
       561.000      3393.000
       560.000      3437.000
       490.000      3277.000
       463.000      3085.000
       462.000      3122.000
       464.000      3163.000
       463.000      3200.000
       461.000      3235.000
       464.000      3278.000
       462.000      3316.000
       464.000      3355.000
       463.000      3395.000
       464.000      3434.000
       558.000      3532.000
       559.000      3568.000
       559.000      3604.000
       562.000      3645.000
       558.000      3685.000
       561.000      3724.000
       558.000      3766.000
       559.000      3800.000
       560.000      3839.000
       561.000      3879.000
       520.000      3760.000
       509.000      3800.000
       511.000      3840.000
       509.000      3879.000
       460.000      3489.000
       443.000      3519.000
       452.000      3565.000
       464.000      3606.000
       463.000      3644.000
       461.000      3685.000
       462.000      3721.000
       463.000      3761.000
       462.000      3801.000
       462.000      3840.000
       462.000      3877.000
       444.000      3036.000
       357.000      3037.000
       394.000      3260.000
       397.000      3339.000
       396.000      3418.000
       384.000      3512.000
       388.000      3548.000
       374.000      3609.000
       403.000      3646.000
       424.000      3687.000
       406.000      3743.000
       405.000      3906.000
       442.000      3919.000
       344.000      3087.000
       349.000      3124.000
       346.000      3162.000
       347.000      3201.000
       348.000      3238.000
       347.000      3275.000
       346.000      3317.000
       349.000      3358.000
       347.000      3397.000
       349.000      3432.000
       349.000      3477.000
       347.000      3511.000
       348.000      3547.000
       346.000      3604.000
       346.000      3643.000
       347.000      3687.000
       348.000      3724.000
       346.000      3762.000
       348.000      3798.000
       344.000      3839.000
       347.000      3876.000
       324.000      3413.000
       307.000      3501.000
       296.000      3558.000
       327.000      3629.000
       296.000      3743.000
       270.000      3124.000
       272.000      3161.000
       269.000      3197.000
       272.000      3238.000
       270.000      3279.000
       271.000      3318.000
       273.000      3356.000
       250.000      3220.000
       231.000      3288.000
       221.000      3338.000
       242.000      3377.000
       263.000      3453.000
       252.000      3529.000
       212.000      3470.000
       211.000      3514.000
       272.000      3587.000
       270.000      3624.000
       268.000      3665.000
       270.000      3706.000
       270.000      3742.000
       270.000      3784.000
       270.000      3820.000
       270.000      3858.000
       271.000      3916.000
       213.000      3824.000
       194.000      3917.000
       223.000      2021.000
       222.000      2140.000
       234.000      2410.000
       231.000      2490.000
       202.000      2079.000
       203.000      2120.000
       202.000      2159.000
       203.000      2197.000
       201.000      2237.000
       204.000      2274.000
       204.000      2316.000
       202.000      2353.000
       200.000      2392.000
       204.000      2428.000
       203.000      2602.000
       204.000      2643.000
       205.000      2699.000
       205.000      2721.000
       204.000      2759.000
       204.000      2799.000
       204.000      2836.000
       203.000      2877.000
       204.000      2913.000
       204.000      2953.000
       164.000      2003.000
       165.000      2042.000
       165.000      2081.000
       164.000      2120.000
       164.000      2159.000
       165.000      2197.000
       164.000      2233.000
       164.000      2274.000
       166.000      2315.000
       165.000      2351.000
       164.000      2392.000
       164.000      2430.000
       165.000      2487.000
       164.000      2523.000
       166.000      2567.000
       165.000      2602.000
       166.000      2643.000
       163.000      2683.000
       165.000      2721.000
       165.000      2759.000
       164.000      2799.000
       163.000      2837.000
       166.000      2869.000
       166.000      2911.000
       164.000      2954.000
       128.000      2080.000
       127.000      2140.000
       127.000      2180.000
       125.000      2219.000
       125.000      2258.000
       127.000      2296.000
       125.000      2158.000
       128.000      2373.000
       127.000      2416.000
       126.000      2448.000
       128.000      2489.000
       127.000      2528.000
       127.000      2564.000
       126.000      2607.000
       127.000      2642.000
       126.000      2683.000
       126.000      2720.000
       128.000      2760.000
       127.000      2796.000
       124.000      2834.000
       127.000      2874.000
       129.000      2914.000
        78.000      1990.000
        88.000      2137.000
        90.000      2177.000
        87.000      2218.000
        87.000      2258.000
        90.000      2298.000
        91.000      2343.000
        90.000      2373.000
        92.000      2420.000
        89.000      2449.000
        87.000      2489.000
        86.000      2524.000
        90.000      2565.000
        88.000      2604.000
        89.000      2643.000
        87.000      2679.000
        89.000      2718.000
        89.000      2757.000
        90.000      2806.000
        88.000      2835.000
        87.000      2872.000
        88.000      2911.000
        50.000      2137.000
        50.000      2176.000
        51.000      2216.000
        49.000      2257.000
        50.000      2294.000
        49.000      2334.000
        49.000      2370.000
        48.000      2408.000
        50.000      2449.000
        50.000      2489.000
        50.000      2525.000
        49.000      2564.000
        50.000      2603.000
        50.000      2643.000
        49.000      2681.000
        50.000      2717.000
        50.000      2757.000
        51.000      2796.000
        49.000      2834.000
        49.000      2874.000
       -23.000      1994.000
        10.000      2137.000
        12.000      2178.000
        11.000      2217.000
        11.000      2256.000
        11.000      2292.000
        11.000      2333.000
        13.000      2378.000
        10.000      2411.000
         9.000      2448.000
        10.000      2484.000
         9.000      2524.000
        11.000      2563.000
        10.000      2601.000
        10.000      2640.000
        11.000      2682.000
         9.000      2718.000
        10.000      2754.000
        10.000      2801.000
        10.000      2834.000
        11.000      2872.000
       126.000      2334.000
       173.000      3143.000
       174.000      3184.000
       155.000      3123.000
       154.000      3162.000
       156.000      3203.000
       154.000      3241.000
       154.000      3278.000
       154.000      3314.000
       156.000      3355.000
       153.000      3397.000
       136.000      3468.000
       135.000      3510.000
       155.000      3551.000
       156.000      3591.000
       155.000      3627.000
       155.000      3665.000
       154.000      3707.000
       152.000      3744.000
       156.000      3791.000
       155.000      3822.000
       157.000      3861.000
       115.000      3547.000
       114.000      3585.000
       114.000      3600.000
       113.000      3610.000
       113.000      3624.000
       112.000      3663.000
       112.000      3699.000
       112.000      3739.000
       112.000      3779.000
       116.000      3819.000
       113.000      3858.000
       114.000      3898.000
       105.000      3102.000
       103.000      3159.000
       107.000      3256.000
       105.000      3295.000
       105.000      3375.000
        66.000      3215.000
        64.000      3374.000
        75.000      3462.000
        36.000      3460.000
        75.000      3546.000
        37.000      3547.000
        76.000      3624.000
        35.000      3622.000
        77.000      3702.000
        37.000      3701.000
        77.000      3778.000
        37.000      3780.000
        78.000      3858.000
        36.000      3856.000
        -4.000      3873.000
        17.000      2052.000
        16.000      2962.000
       -66.000      3134.000
       -68.000      3905.000
        38.000      3941.000
